Received packet: <01/01/2000,00:23:22.07,-0.58586,-0.56859,-0.02379,1342,-1232,-7908,14,14,-7,-77,342,-26,0,0,0,0,0,24.6328,1025.48,98278.70,256.72,9.486,59>
Received packet: <01/01/2000,00:23:23.13,-0.64506,-0.62687,-0.01902,1324,-1174,-7914,12,13,-9,-81,336,-39,0,0,0,0,0,24.6328,1025.33,98283.95,256.28,9.478,69>
Received packet: <01/01/2000,00:23:24.17,-0.67684,-0.65841,-0.01523,1286,-1260,-7832,6,14,-7,-82,322,-14,0,0,0,0,0,24.6328,1025.51,98281.32,256.50,9.484,79>
Received packet: <01/01/2000,00:23:25.21,-0.69284,-0.67442,-0.01271,1322,-1204,-7906,14,17,-11,-71,331,-22,0,0,0,0,0,24.6328,1025.40,98276.08,256.95,9.509,89>
Received packet: <01/01/2000,00:23:25.74,-0.69774,-0.67951,-0.01176,1266,-1196,-7894,11,12,-12,-81,326,-13,0,0,0,0,0,24.6484,1025.35,98276.08,256.95,9.514,94>
Received packet: <01/01/2000,00:23:26.27,-0.70134,-0.68282,-0.01074,1344,-1214,-7918,13,17,-8,-83,336,-13,0,0,0,0,0,24.6328,1025.48,98276.08,256.95,9.501,99>
Received packet: <01/01/2000,00:23:26.80,-0.70400,-0.68546,-0.01005,1278,-1178,-7820,8,15,-2,-82,335,-11,0,0,0,0,0,24.6406,1025.46,98278.70,256.72,9.498,104>
Received packet: <01/01/2000,00:23:27.32,-0.70577,-0.68740,-0.00962,1302,-1272,-7834,13,17,-11,-78,354,-34,0,0,0,0,0,24.6484,1025.36,98281.32,256.50,9.503,109>
Received packet: <01/01/2000,00:23:28.39,-0.70821,-0.68995,-0.00877,1330,-1202,-7906,13,14,-12,-72,342,-30,0,0,0,0,0,24.6406,1025.42,98276.08,256.95,9.490,119>
Received packet: <01/01/2000,00:23:29.44,-0.70973,-0.69125,-0.00839,1288,-1186,-7880,10,18,-8,-76,344,-22,0,0,0,0,0,24.6484,1025.31,98276.08,256.95,9.499,129>
Received packet: <01/01/2000,00:23:29.98,-0.71032,-0.69165,-0.00829,1372,-1206,-7918,10,18,-10,-76,356,-22,0,0,0,0,0,24.6484,1025.40,98273.45,257.17,9.483,134>
Received packet: <01/01/2000,00:23:30.50,-0.71069,-0.69193,-0.00813,1308,-1186,-7942,11,12,-6,-76,341,-24,0,0,0,0,0,24.6328,1025.36,98281.32,256.50,9.488,139>
Received packet: <01/01/2000,00:23:31.03,-0.71095,-0.69225,-0.00821,1286,-1208,-7934,10,16,-7,-82,355,-28,0,0,0,0,0,24.6250,1025.47,98278.70,256.72,9.486,144>
Received packet: <01/01/2000,00:23:31.55,-0.71114,-0.69248,-0.00808,1338,-1186,-7896,13,13,-7,-78,344,-39,0,0,0,0,0,24.6484,1025.43,98276.08,256.95,9.484,149>
Received packet: <01/01/2000,00:23:32.61,-0.71137,-0.69285,-0.00795,1344,-1142,-7912,12,18,-6,-96,342,-11,0,0,0,0,0,24.6406,1025.44,98278.70,256.72,9.487,159>
Received packet: <01/01/2000,00:23:33.65,-0.71175,-0.69287,-0.00796,1340,-1188,-7838,10,18,-8,-77,345,-26,0,0,0,0,0,24.6406,1025.44,98273.45,257.17,9.494,169>
Received packet: <01/01/2000,00:23:34.73,-0.71179,-0.69306,-0.00803,1346,-1184,-7900,15,12,-10,-95,331,-10,0,0,0,0,0,24.6328,1025.36,98270.84,257.40,9.481,179>
Received packet: <01/01/2000,00:23:35.25,-0.71171,-0.69323,-0.00791,1344,-1254,-7882,8,13,-8,-79,337,-33,0,0,0,0,0,24.6484,1025.40,98276.08,256.72,9.485,184>
Received packet: <01/01/2000,00:23:35.78,-0.71160,-0.69341,-0.00780,1324,-1212,-7888,10,14,-6,-69,344,-22,0,0,0,0,0,24.6484,1025.50,98276.08,256.95,9.488,189>
Received packet: <01/01/2000,00:23:36.29,-0.71158,-0.69349,-0.00782,1318,-1214,-7874,10,13,-6,-81,344,-8,0,0,0,0,0,24.6406,1025.31,98281.32,256.50,9.491,194>
Received packet: <01/01/2000,00:23:36.82,-0.71168,-0.69345,-0.00780,1356,-1158,-7858,10,16,-6,-69,344,-32,0,0,0,0,0,24.6406,1025.41,98273.45,257.17,9.494,199>
Received packet: <01/01/2000,00:23:37.34,-0.71160,-0.69359,-0.00792,1312,-1142,-7924,12,16,-6,-76,346,-32,0,0,0,0,0,24.6406,1025.45,98276.08,256.95,9.493,204>
Received packet: <01/01/2000,00:23:38.40,-0.71176,-0.69348,-0.00799,1374,-1198,-7936,10,20,-5,-70,345,-30,0,0,0,0,0,24.6484,1025.40,98276.08,256.95,9.494,214>
Received packet: <01/01/2000,00:23:39.44,-0.71167,-0.69361,-0.00784,1288,-1168,-7858,10,13,-5,-83,346,-22,0,0,0,0,0,24.6406,1025.38,98268.22,257.62,9.500,224>
Received packet: <01/01/2000,00:23:40.51,-0.71170,-0.69356,-0.00784,1334,-1260,-7918,13,17,-6,-94,332,-7,0,0,0,0,0,24.6406,1025.36,98268.22,257.62,9.489,234>
Received packet: <01/01/2000,00:23:41.04,-0.71171,-0.69355,-0.00772,1342,-1142,-7908,7,16,-5,-90,344,-24,0,0,0,0,0,24.6484,1025.44,98276.08,256.95,9.488,239>
Received packet: <01/01/2000,00:23:41.57,-0.71179,-0.69348,-0.00766,1366,-1192,-7904,13,15,-6,-77,332,-19,0,0,0,0,0,24.6641,1025.38,98278.70,256.72,9.487,244>
Received packet: <01/01/2000,00:23:42.09,-0.71177,-0.69352,-0.00757,1374,-1250,-7886,11,16,-12,-70,345,-30,0,0,0,0,0,24.6641,1025.47,98270.84,257.40,9.489,249>
Received packet: <01/01/2000,00:23:42.61,-0.71175,-0.69353,-0.00764,1322,-1204,-7886,12,17,-10,-77,342,-30,0,0,0,0,0,24.6484,1025.58,98270.84,257.40,9.492,254>
Received packet: <01/01/2000,00:23:43.66,-0.71165,-0.69367,-0.00770,1336,-1176,-7872,13,13,-6,-82,340,-26,0,0,0,0,0,24.6563,1025.34,98276.08,256.95,9.490,264>
Received packet: <01/01/2000,00:23:44.72,-0.71162,-0.69371,-0.00759,1374,-1216,-7894,9,17,-7,-73,346,-24,0,0,0,0,0,24.6563,1025.40,98273.45,257.17,9.491,274>
Received packet: <01/01/2000,00:23:45.75,-0.71178,-0.69356,-0.00751,1312,-1164,-7934,12,17,-10,-82,332,-19,0,0,0,0,0,24.6719,1025.34,98270.84,257.40,9.498,284>
Received packet: <01/01/2000,00:23:46.29,-0.71182,-0.69351,-0.00755,1332,-1220,-7880,5,15,-3,-79,350,-30,0,0,0,0,0,24.6641,1025.45,98273.45,257.40,9.497,289>
Received packet: <01/01/2000,00:23:46.81,-0.71194,-0.69339,-0.00774,1304,-1238,-7914,8,20,-6,-77,337,-14,0,0,0,0,0,24.6484,1025.38,98273.45,257.17,9.496,294>
Received packet: <01/01/2000,00:23:47.33,-0.71199,-0.69331,-0.00757,1318,-1250,-7910,15,13,-5,-77,345,-2,0,0,0,0,0,24.6563,1025.30,98276.08,257.62,9.498,299>
Received packet: <01/01/2000,00:23:47.85,-0.71204,-0.69325,-0.00772,1326,-1192,-7906,11,16,-12,-64,331,-27,0,0,0,0,0,24.6484,1025.42,98270.84,257.62,9.503,304>
Received packet: <01/01/2000,00:23:48.38,-0.71197,-0.69330,-0.00761,1348,-1206,-7878,10,15,-6,-81,334,-15,0,0,0,0,0,24.6641,1025.41,98270.84,257.40,9.499,309>
Received packet: <01/01/2000,00:23:49.43,-0.71203,-0.69327,-0.00757,1354,-1156,-7876,10,15,-7,-73,339,-20,0,0,0,0,0,24.6641,1025.33,98273.45,257.17,9.500,319>
Received packet: <01/01/2000,00:23:50.50,-0.71205,-0.69322,-0.00748,1348,-1192,-7938,14,18,-8,-78,344,-20,0,0,0,0,0,24.6641,1025.39,98281.32,257.17,9.498,329>
Received packet: <01/01/2000,00:23:51.03,-0.71205,-0.69321,-0.00750,1334,-1180,-7870,12,18,-5,-89,340,-11,0,0,0,0,0,24.6563,1025.41,98278.70,256.72,9.499,334>
Received packet: <01/01/2000,00:23:51.54,-0.71211,-0.69315,-0.00763,1386,-1140,-7864,8,13,-6,-79,335,-28,0,0,0,0,0,24.6719,1025.26,98276.08,256.95,9.498,339>
Received packet: <01/01/2000,00:23:52.08,-0.71211,-0.69316,-0.00764,1334,-1212,-7910,9,16,-10,-75,335,-21,0,0,0,0,0,24.6641,1025.47,98278.70,256.72,9.492,344>
Received packet: <01/01/2000,00:23:52.61,-0.71202,-0.69327,-0.00750,1310,-1174,-7910,11,16,-6,-69,344,-29,0,0,0,0,0,24.6641,1025.36,98273.45,257.62,9.494,349>
Received packet: <01/01/2000,00:23:53.13,-0.71197,-0.69332,-0.00748,1344,-1156,-7914,10,18,-7,-70,332,-23,0,0,0,0,0,24.6563,1025.54,98270.84,257.17,9.496,354>
Received packet: <01/01/2000,00:23:54.17,-0.71205,-0.69323,-0.00767,1342,-1208,-7876,16,17,-7,-72,342,-30,0,0,0,0,0,24.6641,1025.43,98265.59,257.40,9.499,364>
Received packet: <01/01/2000,00:23:55.22,-0.71194,-0.69335,-0.00744,1338,-1224,-7932,12,17,-9,-89,332,-14,0,0,0,0,0,24.6563,1025.31,98276.08,256.95,9.500,374>
Received packet: <01/01/2000,00:23:56.26,-0.71206,-0.69325,-0.00751,1312,-1184,-7906,10,15,-8,-76,339,-27,0,0,0,0,0,24.6641,1025.43,98276.08,256.95,9.500,384>
Received packet: <01/01/2000,00:23:56.79,-0.71206,-0.69323,-0.00748,1322,-1242,-7920,10,18,-8,-75,345,-26,0,0,0,0,0,24.6563,1025.45,98265.59,257.84,9.502,389>
Received packet: <01/01/2000,00:23:57.32,-0.71214,-0.69314,-0.00750,1454,-1252,-7942,9,18,-6,-78,336,-24,0,0,0,0,0,24.6563,1025.38,98273.45,257.17,9.501,394>
Received packet: <01/01/2000,00:23:57.85,-0.71232,-0.69296,-0.00705,1394,-1184,-7852,10,13,-10,-99,335,-14,0,0,0,0,0,24.6641,1025.38,98265.59,257.40,9.500,399>
Received packet: <01/01/2000,00:23:58.39,-0.71228,-0.69301,-0.00717,1362,-1172,-7874,12,17,-9,-71,339,-29,0,0,0,0,0,24.6797,1025.47,98270.84,257.40,9.497,404>
Received packet: <01/01/2000,00:23:59.43,-0.71230,-0.69297,-0.00700,1394,-1172,-7900,11,13,-8,-85,341,-20,0,0,0,0,0,24.6563,1025.44,98270.84,257.40,9.500,414>
Received packet: <01/01/2000,00:24:00.49,-0.71222,-0.69307,-0.00694,1374,-1234,-7914,10,12,-5,-78,341,-27,0,0,0,0,0,24.6719,1025.39,98270.84,257.40,9.500,424>
Received packet: <01/01/2000,00:24:01.53,-0.71180,-0.69349,-0.00670,1292,-1198,-7894,11,19,-10,-94,340,-14,0,0,0,0,0,24.6641,1025.36,98265.59,257.84,9.501,434>
Received packet: <01/01/2000,00:24:02.06,-0.71184,-0.69347,-0.00615,1324,-1214,-7900,11,15,-7,-79,332,-2,0,0,0,0,0,24.6797,1025.38,98273.45,257.17,9.498,439>
Received packet: <01/01/2000,00:24:02.59,-0.71183,-0.69350,-0.00641,1264,-1234,-7912,7,12,-3,-75,340,-21,0,0,0,0,0,24.6953,1025.41,98273.45,257.17,9.499,444>
Received packet: <01/01/2000,00:24:03.12,-0.71183,-0.69349,-0.00644,1346,-1188,-7908,7,18,-7,-82,345,-23,0,0,0,0,0,24.6797,1025.37,98273.45,257.17,9.501,449>
Received packet: <01/01/2000,00:24:03.63,-0.71191,-0.69342,-0.00685,1306,-1158,-7908,11,16,-7,-72,340,-23,0,0,0,0,0,24.6563,1025.46,98265.59,257.84,9.502,454>
Received packet: <01/01/2000,00:24:04.17,-0.71192,-0.69346,-0.00671,1288,-1270,-7894,10,14,-9,-85,346,-15,0,0,0,0,0,24.6797,1025.51,98273.45,257.17,9.499,459>
Received packet: <01/01/2000,00:24:05.23,-0.71185,-0.69348,-0.00725,1320,-1184,-7920,13,14,-7,-85,339,-15,0,0,0,0,0,24.6719,1025.41,98268.22,257.62,9.498,469>
Received packet: <01/01/2000,00:24:06.29,-0.71201,-0.69330,-0.00742,1346,-1208,-7936,11,12,-12,-79,335,-14,0,0,0,0,0,24.6797,1025.36,98265.59,257.84,9.496,479>
Received packet: <01/01/2000,00:24:06.81,-0.71210,-0.69317,-0.00709,1326,-1224,-7928,7,13,-6,-73,346,-29,0,0,0,0,0,24.6719,1025.36,98270.84,257.40,9.498,484>
Received packet: <01/01/2000,00:24:07.34,-0.71213,-0.69316,-0.00723,1314,-1200,-7886,12,15,-5,-87,332,-16,0,0,0,0,0,24.6797,1025.42,98270.84,257.40,9.497,489>
Received packet: <01/01/2000,00:24:07.87,-0.71223,-0.69301,-0.00692,1310,-1264,-7892,9,18,-7,-77,337,-9,0,0,0,0,0,24.6797,1025.33,98268.22,257.62,9.496,494>
Received packet: <01/01/2000,00:24:08.40,-0.71227,-0.69298,-0.00716,1370,-1190,-7920,10,17,-8,-82,345,-30,0,0,0,0,0,24.6797,1025.40,98273.45,257.17,9.498,499>
Received packet: <01/01/2000,00:24:09.44,-0.71227,-0.69298,-0.00785,1334,-1216,-7936,12,14,-4,-87,335,-21,0,0,0,0,0,24.6797,1025.54,98262.97,258.07,9.500,509>
Received packet: <01/01/2000,00:24:10.49,-0.71201,-0.69329,-0.00789,1324,-1136,-7886,6,14,-4,-85,341,-5,0,0,0,0,0,24.6797,1025.41,98270.84,257.17,9.499,519>
Received packet: <01/01/2000,00:24:11.55,-0.71228,-0.69301,-0.00782,1264,-1212,-7940,13,14,-9,-75,345,-28,0,0,0,0,0,24.6641,1025.39,98276.08,256.95,9.497,529>
Received packet: <01/01/2000,00:24:12.08,-0.71234,-0.69296,-0.00786,1344,-1200,-7874,12,15,-7,-84,332,-11,0,0,0,0,0,24.6797,1025.37,98268.22,257.62,9.497,534>
Received packet: <01/01/2000,00:24:12.61,-0.71240,-0.69289,-0.00785,1324,-1182,-7862,10,16,-2,-71,349,-32,0,0,0,0,0,24.6797,1025.29,98268.22,257.40,9.496,539>
Received packet: <01/01/2000,00:24:13.14,-0.71239,-0.69292,-0.00787,1338,-1190,-7906,11,14,-1,-87,330,-4,0,0,0,0,0,24.6719,1025.50,98265.59,257.84,9.497,544>
Received packet: <01/01/2000,00:24:13.67,-0.71244,-0.69286,-0.00779,1310,-1244,-7920,13,13,-6,-71,341,-29,0,0,0,0,0,24.6797,1025.39,98265.59,257.84,9.495,549>
Received packet: <01/01/2000,00:24:14.72,-0.71229,-0.69300,-0.00784,1354,-1168,-7894,15,17,-7,-83,336,-36,0,0,0,0,0,24.6875,1025.34,98270.84,257.40,9.495,559>
Received packet: <01/01/2000,00:24:15.78,0.02045,-0.01312,0.01996,326,-15,-11671,-5624,-11355,23610,-6080,1296,-1210,0,0,0,0,0,24.6953,1025.52,98268.22,257.62,9.494,569>
Received packet: <01/01/2000,00:24:16.83,-0.71228,-0.69306,-0.00776,1326,-1218,-7904,12,15,-9,-77,345,-14,0,0,0,0,0,24.6641,1025.36,98273.45,257.17,9.496,579>
Received packet: <01/01/2000,00:24:17.35,-0.71221,-0.69310,-0.00749,1336,-1208,-7866,16,16,-4,-71,336,-29,0,0,0,0,0,24.6797,1025.35,98268.22,257.62,9.496,584>
Received packet: <01/01/2000,00:24:17.88,-0.71223,-0.69309,-0.00742,1324,-1204,-7908,12,13,-5,-87,345,-23,0,0,0,0,0,24.6875,1025.33,98270.84,257.40,9.495,589>
Received packet: <01/01/2000,00:24:18.41,-0.71228,-0.69306,-0.00740,1376,-1220,-7886,11,13,-5,-84,330,-11,0,0,0,0,0,24.6719,1025.38,98268.22,257.62,9.495,594>
Received packet: <01/01/2000,00:24:18.93,-0.71243,-0.69291,-0.00747,1310,-1244,-7860,12,16,-7,-75,347,-21,0,0,0,0,0,24.6875,1025.39,98262.97,258.07,9.496,599>
Received packet: <01/01/2000,00:24:19.98,-0.71264,-0.69270,-0.00717,1312,-1236,-7834,10,14,-12,-76,344,-32,0,0,0,0,0,24.6875,1025.37,98268.22,257.62,9.496,609>
Received packet: <01/01/2000,00:24:21.04,-0.71242,-0.69292,-0.00695,1324,-1206,-7852,12,12,-7,-85,336,-10,0,0,0,0,0,24.6797,1025.48,98270.84,257.40,9.495,619>
Received packet: <01/01/2000,00:24:21.58,-0.71239,-0.69296,-0.00701,1278,-1202,-7954,8,15,-6,-77,352,-21,0,0,0,0,0,24.6875,1025.38,98262.97,258.07,9.493,624>
Received packet: <01/01/2000,00:24:22.11,-0.71236,-0.69300,-0.00702,1316,-1230,-7940,9,17,-6,-84,345,-19,0,0,0,0,0,24.7031,1025.38,98270.84,257.40,9.494,629>
Received packet: <01/01/2000,00:24:22.63,-0.71228,-0.69306,-0.00686,1306,-1210,-7904,9,14,-6,-73,349,-27,0,0,0,0,0,24.6875,1025.41,98265.59,257.84,9.494,634>
Received packet: <01/01/2000,00:24:23.15,-0.71229,-0.69305,-0.00681,1326,-1234,-7918,6,13,-5,-79,340,-23,0,0,0,0,0,24.6797,1025.37,98273.45,257.17,9.498,639>
Received packet: <01/01/2000,00:24:23.68,-0.71234,-0.69296,-0.00693,1364,-1266,-8008,16,22,-7,-81,326,-15,0,0,0,0,0,24.6875,1025.32,98268.22,257.62,9.494,644>
Received packet: <01/01/2000,00:24:24.73,-0.71246,-0.69290,-0.00712,1326,-1200,-7886,13,15,-4,-93,331,-5,0,0,0,0,0,24.6875,1025.50,98270.84,257.40,9.495,654>
Received packet: <01/01/2000,00:24:25.80,-0.71237,-0.69294,-0.00729,1362,-1196,-7914,9,17,-7,-85,346,-10,0,0,0,0,0,24.6875,1025.49,98265.59,257.84,9.492,664>
Received packet: <01/01/2000,00:24:26.84,-0.71252,-0.69277,-0.00737,1374,-1204,-7902,9,15,-10,-85,339,-13,0,0,0,0,0,24.7031,1025.45,98268.22,257.62,9.494,674>
Received packet: <01/01/2000,00:24:27.38,-0.71256,-0.69273,-0.00735,1352,-1200,-7906,11,15,-5,-96,330,-11,0,0,0,0,0,24.6797,1025.42,98262.97,258.07,9.493,679>
Received packet: <01/01/2000,00:24:27.91,-0.71252,-0.69277,-0.00740,1364,-1198,-7914,13,14,-5,-88,331,-1,0,0,0,0,0,24.6875,1025.44,98260.35,258.29,9.493,684>
Received packet: <01/01/2000,00:24:28.43,-0.71249,-0.69283,-0.00730,1338,-1200,-7880,11,13,-8,-72,335,-28,0,0,0,0,0,24.6953,1025.38,98260.35,258.29,9.494,689>
Received packet: <01/01/2000,00:24:28.96,-0.71231,-0.69298,-0.00710,1242,-1256,-8146,7,17,-6,-81,334,-15,0,0,0,0,0,24.7109,1025.26,98265.59,257.84,9.491,694>
Received packet: <01/01/2000,00:24:30.02,-0.71234,-0.69302,-0.00785,1330,-1208,-7924,11,13,-5,-70,342,-28,0,0,0,0,0,24.7031,1025.19,98265.59,257.84,9.492,704>
Received packet: <01/01/2000,00:24:31.08,-0.71232,-0.69303,-0.00777,1302,-1186,-7886,6,14,-5,-73,341,-22,0,0,0,0,0,24.6953,1025.27,98268.22,257.62,9.492,714>
Received packet: <01/01/2000,00:24:31.59,-0.71237,-0.69294,-0.00796,1324,-1214,-7918,11,13,-8,-87,347,-33,0,0,0,0,0,24.6953,1025.43,98268.22,257.62,9.493,719>
Received packet: <01/01/2000,00:24:32.12,-0.71243,-0.69288,-0.00780,1344,-1210,-7914,11,13,-8,-79,327,-11,0,0,0,0,0,24.6953,1025.45,98265.59,257.84,9.493,724>
Received packet: <01/01/2000,00:24:32.64,-0.71238,-0.69291,-0.00777,1324,-1198,-7880,10,13,-7,-88,344,-3,0,0,0,0,0,24.6953,1025.38,98270.84,257.62,9.493,729>
Received packet: <01/01/2000,00:24:33.19,-0.71241,-0.69289,-0.00778,1322,-1194,-7892,12,15,-5,-93,334,-5,0,0,0,0,0,24.6875,1025.42,98268.22,257.62,9.491,734>
Received packet: <01/01/2000,00:24:33.70,-0.71253,-0.69281,-0.00790,1324,-1204,-7900,8,17,-3,-70,347,-28,0,0,0,0,0,24.7031,1025.36,98270.84,257.40,9.493,739>
Received packet: <01/01/2000,00:24:34.75,-0.71230,-0.69301,-0.00786,1328,-1182,-7910,10,12,-9,-90,336,-10,0,0,0,0,0,24.6953,1025.32,98268.22,257.62,9.493,749>
Received packet: <01/01/2000,00:24:35.80,-0.71206,-0.69324,-0.00782,1328,-1172,-7926,11,18,-7,-92,337,-11,0,0,0,0,0,24.6953,1025.33,98273.45,257.17,9.492,759>
Received packet: <01/01/2000,00:24:36.85,-0.71204,-0.69323,-0.00767,1306,-1206,-7896,13,14,-6,-78,346,-27,0,0,0,0,0,24.7031,1025.47,98268.22,257.62,9.494,769>
Received packet: <01/01/2000,00:24:37.39,-0.71196,-0.69333,-0.00779,1336,-1228,-7860,11,13,-8,-82,332,-11,0,0,0,0,0,24.7109,1025.38,98262.97,258.07,9.492,774>
Received packet: <01/01/2000,00:24:37.91,-0.71212,-0.69332,-0.00793,1328,-1206,-7860,12,14,-3,-69,351,-27,0,0,0,0,0,24.7031,1025.33,98270.84,257.40,9.493,779>
Received packet: <01/01/2000,00:24:38.43,-0.71223,-0.69322,-0.00778,1330,-1164,-7862,8,16,-2,-88,334,-13,0,0,0,0,0,24.7031,1025.41,98265.59,257.84,9.494,784>
Received packet: <01/01/2000,00:24:38.95,-0.71236,-0.69307,-0.00770,1314,-1226,-7900,10,16,-10,-82,340,-30,0,0,0,0,0,24.7109,1025.38,98265.59,257.84,9.495,789>
Received packet: <01/01/2000,00:24:39.47,-0.71241,-0.69300,-0.00773,1354,-1194,-7894,8,17,-6,-84,332,-7,0,0,0,0,0,24.7109,1025.38,98265.59,257.62,9.495,794>
Received packet: <01/01/2000,00:24:40.51,-0.71248,-0.69298,-0.00767,1358,-1210,-7888,12,13,-6,-79,335,-19,0,0,0,0,0,24.6875,1025.36,98270.84,257.40,9.498,804>
Received packet: <01/01/2000,00:24:41.55,-0.71215,-0.69327,-0.00741,1300,-1222,-7892,12,16,-11,-90,334,-15,0,0,0,0,0,24.7109,1025.40,98265.59,257.84,9.496,814>
Received packet: <01/01/2000,00:24:42.63,-0.71206,-0.69331,-0.00746,1340,-1210,-7894,10,12,-7,-92,332,-14,0,0,0,0,0,24.7031,1025.44,98262.97,258.07,9.495,824>
Received packet: <01/01/2000,00:24:43.15,-0.71198,-0.69338,-0.00749,1318,-1184,-7892,11,19,-7,-84,337,-9,0,0,0,0,0,24.7188,1025.38,98260.35,258.29,9.496,829>
Received packet: <01/01/2000,00:24:43.68,-0.71192,-0.69343,-0.00764,1314,-1166,-7888,10,14,-7,-93,331,-10,0,0,0,0,0,24.7109,1025.41,98270.84,257.40,9.496,834>
Received packet: <01/01/2000,00:24:44.21,-0.71183,-0.69353,-0.00766,1316,-1188,-7960,8,11,-4,-84,325,-4,0,0,0,0,0,24.7109,1025.29,98268.22,257.40,9.495,839>
Received packet: <01/01/2000,00:24:44.73,-0.71182,-0.69352,-0.00759,1342,-1154,-7884,11,13,-8,-85,339,-17,0,0,0,0,0,24.7031,1025.33,98265.59,257.84,9.496,844>
Received packet: <01/01/2000,00:24:45.78,-0.71179,-0.69356,-0.00765,1346,-1212,-7882,11,13,-14,-89,335,-9,0,0,0,0,0,24.7109,1025.26,98273.45,257.17,9.496,854>
Received packet: <01/01/2000,00:24:46.82,-0.71196,-0.69337,-0.00770,1340,-1182,-7880,12,13,-8,-88,336,-3,0,0,0,0,0,24.7188,1025.31,98268.22,257.62,9.498,864>
Received packet: <01/01/2000,00:24:47.89,-0.71204,-0.69324,-0.00773,1324,-1190,-7910,12,14,-10,-92,335,-4,0,0,0,0,0,24.7188,1025.38,98270.84,257.40,9.497,874>
Received packet: <01/01/2000,00:24:48.41,-0.71192,-0.69338,-0.00772,1310,-1244,-7920,12,17,-6,-82,335,-11,0,0,0,0,0,24.6953,1025.42,98260.35,258.29,9.497,879>
Received packet: <01/01/2000,00:24:48.93,-0.71201,-0.69329,-0.00779,1340,-1212,-7932,13,10,-6,-79,332,-30,0,0,0,0,0,24.7031,1025.42,98262.97,258.07,9.497,884>
Received packet: <01/01/2000,00:24:49.45,-0.71199,-0.69331,-0.00789,1302,-1202,-7886,11,15,-7,-73,349,-27,0,0,0,0,0,24.7188,1025.44,98260.35,258.29,9.497,889>
Received packet: <01/01/2000,00:24:49.98,-0.71212,-0.69319,-0.00778,1296,-1170,-7920,10,16,-7,-72,350,-23,0,0,0,0,0,24.7188,1025.37,98262.97,258.07,9.498,894>
Received packet: <01/01/2000,00:24:50.50,-0.71214,-0.69318,-0.00767,1302,-1158,-7888,13,15,-6,-77,342,-28,0,0,0,0,0,24.6953,1025.29,98260.35,258.29,9.498,899>
Received packet: <01/01/2000,00:24:51.55,-0.71224,-0.69307,-0.00758,1356,-1200,-7924,10,17,-14,-83,339,-13,0,0,0,0,0,24.7109,1025.44,98268.22,257.62,9.498,909>
Received packet: <01/01/2000,00:24:52.60,-0.71235,-0.69296,-0.00752,1346,-1192,-7932,8,15,-6,-93,336,-10,0,0,0,0,0,24.7188,1025.48,98262.97,258.07,9.500,919>
Received packet: <01/01/2000,00:24:53.64,-0.71238,-0.69293,-0.00751,1266,-1170,-7898,12,13,-6,-96,337,-7,0,0,0,0,0,24.7422,1025.40,98265.59,257.84,9.499,929>
Received packet: <01/01/2000,00:24:54.18,-0.71239,-0.69291,-0.00748,1284,-1198,-7900,9,17,-10,-79,332,-14,0,0,0,0,0,24.7109,1025.41,98262.97,258.07,9.499,934>
Received packet: <01/01/2000,00:24:54.70,-0.71234,-0.69299,-0.00726,1272,-1238,-7902,11,14,-3,-84,340,-21,0,0,0,0,0,24.7109,1025.49,98265.59,257.84,9.499,939>
Received packet: <01/01/2000,00:24:55.23,-0.71232,-0.69300,-0.00746,1288,-1244,-7938,14,11,-9,-79,330,-19,0,0,0,0,0,24.7109,1025.40,98268.22,257.62,9.500,944>
Received packet: <01/01/2000,00:24:55.75,-0.71233,-0.69297,-0.00753,1364,-1202,-7922,10,15,-8,-93,334,-8,0,0,0,0,0,24.7266,1025.37,98262.97,258.07,9.498,949>
Received packet: <01/01/2000,00:24:56.82,-0.71223,-0.69308,-0.00751,1334,-1214,-7922,12,15,-9,-71,341,-27,0,0,0,0,0,24.7109,1025.39,98265.59,257.84,9.499,959>
Received packet: <01/01/2000,00:24:57.85,-0.71229,-0.69306,-0.00745,1332,-1228,-7868,7,9,-6,-73,331,-17,0,0,0,0,0,24.7266,1025.52,98268.22,257.62,9.500,969>
Received packet: <01/01/2000,00:24:58.88,-0.71236,-0.69298,-0.00739,1290,-1152,-7896,12,14,-8,-75,345,-30,0,0,0,0,0,24.7188,1025.40,98260.35,257.84,9.502,979>
Received packet: <01/01/2000,00:24:59.41,-0.71227,-0.69308,-0.00746,1298,-1160,-7900,12,16,-7,-71,341,-29,0,0,0,0,0,24.7188,1025.33,98265.59,257.84,9.503,984>
Received packet: <01/01/2000,00:24:59.93,-0.71222,-0.69313,-0.00769,1358,-1188,-7900,8,14,-1,-72,350,-23,0,0,0,0,0,24.7109,1025.35,98257.73,258.51,9.502,989>
Received packet: <01/01/2000,00:25:00.47,-0.71220,-0.69313,-0.00777,1398,-1222,-7876,14,10,-7,-70,342,-33,0,0,0,0,0,24.7109,1025.38,98262.97,258.07,9.501,994>
Received packet: <01/01/2000,00:25:01.00,-0.71210,-0.69324,-0.00774,1358,-1158,-7880,11,15,-7,-73,339,-32,0,0,0,0,0,24.7188,1025.48,98265.59,257.84,9.502,999>
Received packet: <01/01/2000,00:25:01.51,-0.71207,-0.69326,-0.00766,1340,-1178,-7864,12,12,-6,-81,346,-32,0,0,0,0,0,24.7266,1025.36,98268.22,257.62,9.502,1004>
Received packet: <01/01/2000,00:25:02.57,-0.71220,-0.69309,-0.00787,1344,-1204,-7902,8,13,0,-69,329,-24,0,0,0,0,0,24.7266,1025.47,98262.97,258.07,9.501,1014>
Received packet: <01/01/2000,00:25:03.62,-0.71199,-0.69331,-0.00772,1332,-1206,-7926,6,16,-10,-77,347,-33,0,0,0,0,0,24.7188,1025.42,98260.35,258.29,9.503,1024>
Received packet: <01/01/2000,00:25:04.67,-0.71186,-0.69345,-0.00765,1350,-1210,-7914,8,16,-6,-71,334,-20,0,0,0,0,0,24.7266,1025.42,98262.97,258.07,9.502,1034>
Received packet: <01/01/2000,00:25:05.20,-0.71182,-0.69349,-0.00749,1344,-1244,-7846,10,16,-9,-73,334,-24,0,0,0,0,0,24.7344,1025.41,98262.97,258.07,9.502,1039>
Received packet: <01/01/2000,00:25:05.73,-0.71180,-0.69353,-0.00739,1300,-1210,-7866,9,17,-3,-84,322,-14,0,0,0,0,0,24.7266,1025.42,98257.73,258.51,9.502,1044>
Received packet: <01/01/2000,00:25:06.27,-0.71176,-0.69356,-0.00730,1322,-1176,-7886,10,12,-8,-70,342,-23,0,0,0,0,0,24.7109,1025.40,98260.35,258.29,9.500,1049>
Received packet: <01/01/2000,00:25:07.30,-0.71200,-0.69333,-0.00728,1298,-1220,-7886,11,14,-6,-89,332,-11,0,0,0,0,0,24.7266,1025.46,98268.22,257.62,9.502,1059>
Received packet: <01/01/2000,00:25:08.35,-0.71217,-0.69321,-0.00739,1338,-1182,-7844,7,16,-4,-75,337,-26,0,0,0,0,0,24.7344,1025.41,98257.73,258.51,9.503,1069>
Received packet: <01/01/2000,00:25:09.41,-0.71227,-0.69311,-0.00761,1362,-1188,-7886,9,10,-9,-72,350,-33,0,0,0,0,0,24.7344,1025.34,98255.11,258.07,9.502,1079>
Received packet: <01/01/2000,00:25:09.93,-0.71231,-0.69304,-0.00785,1336,-1164,-7884,14,11,-6,-87,330,-11,0,0,0,0,0,24.7266,1025.36,98260.35,258.51,9.502,1084>
Received packet: <01/01/2000,00:25:10.46,-0.71211,-0.69321,-0.00762,1348,-1228,-7850,17,11,-7,-73,336,-32,0,0,0,0,0,24.7344,1025.41,98260.35,258.29,9.501,1089>
Received packet: <01/01/2000,00:25:10.99,-0.71208,-0.69325,-0.00747,1326,-1194,-7900,8,15,-7,-81,349,-22,0,0,0,0,0,24.7344,1025.28,98262.97,258.07,9.501,1094>
Received packet: <01/01/2000,00:25:11.52,-0.71200,-0.69329,-0.00733,1330,-1242,-7934,18,13,-8,-76,334,-39,0,0,0,0,0,24.7266,1025.36,98265.59,257.84,9.501,1099>
Received packet: <01/01/2000,00:25:12.58,-0.71194,-0.69335,-0.00715,1368,-1186,-7854,13,9,-7,-70,340,-21,0,0,0,0,0,24.7422,1025.37,98262.97,258.07,9.501,1109>
Received packet: <01/01/2000,00:25:13.61,-0.71159,-0.69368,-0.00736,1340,-1236,-7934,10,17,-7,-79,345,-33,0,0,0,0,0,24.7344,1025.39,98260.35,258.29,9.503,1119>
Received packet: <01/01/2000,00:25:14.68,-0.71139,-0.69392,-0.00729,1372,-1192,-7910,8,17,-7,-73,341,-29,0,0,0,0,0,24.7188,1025.40,98265.59,257.84,9.501,1129>
Received packet: <01/01/2000,00:25:15.20,-0.71148,-0.69384,-0.00721,1344,-1238,-7928,11,16,-7,-69,336,-29,0,0,0,0,0,24.7344,1025.39,98262.97,258.07,9.501,1134>
Received packet: <01/01/2000,00:25:15.72,-0.71160,-0.69371,-0.00717,1336,-1170,-7938,17,16,-6,-71,351,-20,0,0,0,0,0,24.7344,1025.42,98257.73,258.51,9.503,1139>
Received packet: <01/01/2000,00:25:16.24,-0.71154,-0.69380,-0.00730,1356,-1216,-7906,11,16,-2,-75,332,-26,0,0,0,0,0,24.7422,1025.34,98255.11,258.74,9.502,1144>
Received packet: <01/01/2000,00:25:16.77,-0.71137,-0.69397,-0.00739,1334,-1208,-7934,11,13,-4,-70,335,-23,0,0,0,0,0,24.7344,1025.42,98262.97,258.07,9.502,1149>
Received packet: <01/01/2000,00:25:17.30,-0.71155,-0.69373,-0.00725,1400,-1154,-7910,13,12,-6,-75,340,-26,0,0,0,0,0,24.7422,1025.35,98260.35,257.84,9.503,1154>
Received packet: <01/01/2000,00:25:18.35,-0.71141,-0.69387,-0.00731,1354,-1198,-7872,9,16,-5,-72,342,-21,0,0,0,0,0,24.7422,1025.40,98265.59,257.84,9.503,1164>
Received packet: <01/01/2000,00:25:19.40,-0.71139,-0.69393,-0.00754,1340,-1170,-7900,15,13,-7,-70,350,-30,0,0,0,0,0,24.7344,1025.35,98260.35,258.29,9.503,1174>
Received packet: <01/01/2000,00:25:20.44,-0.71142,-0.69393,-0.00735,1392,-1198,-7930,5,15,-12,-82,330,-11,0,0,0,0,0,24.7344,1025.44,98262.97,258.07,9.503,1184>
Received packet: <01/01/2000,00:25:20.98,-0.71144,-0.69393,-0.00753,1322,-1200,-7902,8,8,-7,-77,342,-30,0,0,0,0,0,24.7344,1025.35,98265.59,257.84,9.503,1189>
Received packet: <01/01/2000,00:25:21.49,-0.71144,-0.69393,-0.00758,1358,-1226,-7890,10,11,-3,-76,336,-29,0,0,0,0,0,24.7422,1025.30,98260.35,258.29,9.503,1194>
Received packet: <01/01/2000,00:25:22.01,-0.71146,-0.69390,-0.00773,1312,-1174,-7918,10,13,-8,-70,337,-28,0,0,0,0,0,24.7344,1025.42,98260.35,258.29,9.505,1199>
Received packet: <01/01/2000,00:25:22.52,-0.71160,-0.69376,-0.00780,1320,-1152,-7926,7,16,-4,-81,351,-34,0,0,0,0,0,24.7344,1025.35,98260.35,258.29,9.505,1204>
Received packet: <01/01/2000,00:25:23.05,-0.71162,-0.69373,-0.00766,1350,-1142,-7904,10,11,-9,-73,339,-32,0,0,0,0,0,24.7422,1025.38,98262.97,258.07,9.505,1209>
Received packet: <01/01/2000,00:25:23.58,-0.71165,-0.69369,-0.00757,1320,-1216,-7904,10,18,-8,-77,332,-28,0,0,0,0,0,24.7344,1025.44,98257.73,258.29,9.504,1214>
Received packet: <01/01/2000,00:25:24.61,-0.71158,-0.69374,-0.00746,1284,-1190,-7880,9,15,-9,-67,337,-28,0,0,0,0,0,24.7500,1025.45,98262.97,258.07,9.506,1224>
Received packet: <01/01/2000,00:25:25.66,-0.71162,-0.69369,-0.00766,1312,-1168,-7876,12,15,-7,-73,339,-22,0,0,0,0,0,24.7344,1025.38,98260.35,258.29,9.506,1234>
Received packet: <01/01/2000,00:25:26.71,-0.71170,-0.69359,-0.00771,1318,-1176,-7928,8,14,-8,-67,347,-35,0,0,0,0,0,24.7422,1025.35,98257.73,258.51,9.506,1244>
Received packet: <01/01/2000,00:25:27.24,-0.71170,-0.69361,-0.00765,1292,-1188,-7898,11,16,-12,-78,346,-32,0,0,0,0,0,24.7422,1025.35,98252.48,258.96,9.507,1249>
Received packet: <01/01/2000,00:25:27.74,-0.71176,-0.69356,-0.00750,1302,-1192,-7886,15,13,-9,-79,340,-28,0,0,0,0,0,24.7344,1025.44,98257.73,258.51,9.509,1254>
Received packet: <01/01/2000,00:25:28.25,-0.71185,-0.69352,-0.00743,1294,-1172,-7898,10,12,-10,-81,336,-29,0,0,0,0,0,24.7344,1025.43,98255.11,258.74,9.509,1259>
Received packet: <01/01/2000,00:25:28.79,-0.71186,-0.69352,-0.00738,1302,-1192,-7878,9,15,-8,-79,342,-23,0,0,0,0,0,24.7500,1025.32,98257.73,258.51,9.508,1264>
Received packet: <01/01/2000,00:25:29.32,-0.71198,-0.69341,-0.00749,1300,-1192,-7820,8,14,-4,-65,350,-26,0,0,0,0,0,24.7422,1025.35,98260.35,258.29,9.508,1269>
Received packet: <01/01/2000,00:25:30.40,-0.71216,-0.69325,-0.00732,1310,-1154,-7922,12,15,-8,-77,337,-21,0,0,0,0,0,24.7500,1025.40,98260.35,258.29,9.507,1279>
Received packet: <01/01/2000,00:25:31.44,-0.71199,-0.69341,-0.00764,1280,-1198,-7872,7,18,-13,-73,349,-32,0,0,0,0,0,24.7344,1025.43,98252.48,258.96,9.507,1289>
Received packet: <01/01/2000,00:25:32.48,-0.71200,-0.69338,-0.00780,1334,-1134,-7904,9,16,-6,-83,321,-17,0,0,0,0,0,24.7422,1025.35,98260.35,258.29,9.507,1299>
Received packet: <01/01/2000,00:25:33.00,-0.71198,-0.69340,-0.00785,1328,-1188,-7934,8,10,-7,-81,349,-24,0,0,0,0,0,24.7422,1025.40,98265.59,257.84,9.508,1304>
Received packet: <01/01/2000,00:25:33.52,-0.71182,-0.69351,-0.00788,1344,-1188,-7880,12,14,-5,-85,344,-32,0,0,0,0,0,24.7422,1025.55,98262.97,258.07,9.508,1309>
Received packet: <01/01/2000,00:25:34.05,-0.71190,-0.69342,-0.00770,1342,-1180,-7910,8,15,-6,-77,342,-28,0,0,0,0,0,24.7422,1025.48,98260.35,258.29,9.509,1314>
Received packet: <01/01/2000,00:25:34.56,-0.71190,-0.69341,-0.00772,1316,-1220,-7864,10,21,-8,-82,340,-33,0,0,0,0,0,24.7422,1025.36,98255.11,258.74,9.510,1319>
Received packet: <01/01/2000,00:25:35.07,-0.71182,-0.69351,-0.00772,1372,-1202,-7892,9,16,-7,-81,344,-29,0,0,0,0,0,24.7422,1025.39,98260.35,258.29,9.510,1324>
Received packet: <01/01/2000,00:25:35.59,-0.71181,-0.69352,-0.00767,1330,-1242,-7856,13,16,-9,-84,342,-21,0,0,0,0,0,24.7500,1025.40,98260.35,258.51,9.511,1329>
Received packet: <01/01/2000,00:25:36.64,-0.71188,-0.69347,-0.00780,1298,-1124,-7896,12,16,-4,-70,347,-33,0,0,0,0,0,24.7578,1025.23,98260.35,258.29,9.511,1339>
Received packet: <01/01/2000,00:25:37.70,-0.71188,-0.69341,-0.00765,1306,-1188,-7880,11,14,-9,-82,335,-23,0,0,0,0,0,24.7500,1025.36,98255.11,258.51,9.511,1349>
Received packet: <01/01/2000,00:25:38.73,-0.71197,-0.69336,-0.00760,1340,-1258,-7914,7,14,-12,-81,341,-27,0,0,0,0,0,24.7422,1025.40,98257.73,258.51,9.511,1359>
Received packet: <01/01/2000,00:25:39.25,-0.71189,-0.69344,-0.00767,1338,-1176,-7908,7,14,-9,-71,344,-27,0,0,0,0,0,24.7500,1025.38,98260.35,258.29,9.512,1364>
Received packet: <01/01/2000,00:25:39.79,-0.71214,-0.69322,-0.00766,1332,-1170,-7888,9,15,-7,-70,332,-23,0,0,0,0,0,24.7500,1025.31,98257.73,258.51,9.511,1369>
Received packet: <01/01/2000,00:25:40.31,-0.71200,-0.69333,-0.00765,1340,-1188,-7914,8,14,-4,-66,351,-32,0,0,0,0,0,24.7500,1025.39,98257.73,258.51,9.511,1374>
Received packet: <01/01/2000,00:25:40.83,-0.71208,-0.69325,-0.00754,1354,-1174,-7858,12,13,-1,-79,340,-28,0,0,0,0,0,24.7578,1025.29,98260.35,258.51,9.512,1379>
Received packet: <01/01/2000,00:25:41.36,-0.71198,-0.69338,-0.00751,1314,-1198,-7918,11,13,-6,-79,342,-30,0,0,0,0,0,24.7578,1025.33,98257.73,258.51,9.511,1384>
Received packet: <01/01/2000,00:25:42.42,-0.71188,-0.69348,-0.00722,1314,-1194,-7900,13,17,-7,-75,340,-30,0,0,0,0,0,24.7344,1025.37,98252.48,258.96,9.511,1394>
Received packet: <01/01/2000,00:25:43.47,-0.71184,-0.69351,-0.00718,1368,-1206,-7876,10,12,-5,-72,342,-28,0,0,0,0,0,24.7578,1025.36,98260.35,258.29,9.512,1404>
Received packet: <01/01/2000,00:25:43.99,-0.71181,-0.69354,-0.00716,1290,-1180,-7936,8,14,-11,-78,344,-34,0,0,0,0,0,24.7656,1025.33,98257.73,258.51,9.511,1409>
Received packet: <01/01/2000,00:25:44.52,-0.71167,-0.69369,-0.00729,1292,-1220,-7908,12,14,-4,-77,345,-30,0,0,0,0,0,24.7500,1025.48,98262.97,258.07,9.511,1414>
Received packet: <01/01/2000,00:25:45.05,-0.71167,-0.69366,-0.00734,1290,-1198,-7888,11,13,-7,-72,332,-30,0,0,0,0,0,24.7578,1025.29,98255.11,258.74,9.511,1419>
Received packet: <01/01/2000,00:25:45.57,-0.71168,-0.69367,-0.00758,1336,-1180,-7930,11,15,-4,-73,351,-34,0,0,0,0,0,24.7500,1025.44,98257.73,258.51,9.511,1424>
Received packet: <01/01/2000,00:25:46.10,-0.71167,-0.69367,-0.00779,1350,-1168,-7900,10,14,-11,-76,356,-22,0,0,0,0,0,24.7500,1025.36,98252.48,258.96,9.511,1429>
Received packet: <01/01/2000,00:25:46.61,-0.71168,-0.69365,-0.00769,1326,-1216,-7902,14,15,-4,-70,352,-33,0,0,0,0,0,24.7422,1025.34,98255.11,258.74,9.512,1434>
Received packet: <01/01/2000,00:25:47.65,-0.71203,-0.69332,-0.00772,1378,-1212,-7876,12,12,-3,-73,334,-32,0,0,0,0,0,24.7422,1025.37,98249.87,259.18,9.513,1444>
Received packet: <01/01/2000,00:25:48.71,-0.71175,-0.69362,-0.00787,1334,-1180,-7888,6,13,-10,-71,349,-27,0,0,0,0,0,24.7578,1025.41,98255.11,258.74,9.512,1454>
Received packet: <01/01/2000,00:25:49.77,-0.71167,-0.69372,-0.00792,1336,-1208,-7898,14,17,-8,-81,339,-13,0,0,0,0,0,24.7422,1025.32,98255.11,258.74,9.511,1464>
Received packet: <01/01/2000,00:25:50.29,-0.71176,-0.69362,-0.00790,1298,-1188,-7906,12,16,-4,-83,339,-22,0,0,0,0,0,24.7500,1025.39,98255.11,258.74,9.512,1469>
Received packet: <01/01/2000,00:25:50.82,-0.71176,-0.69360,-0.00799,1388,-1230,-7906,8,19,-4,-79,340,-28,0,0,0,0,0,24.7578,1025.39,98255.11,258.74,9.512,1474>
Received packet: <01/01/2000,00:25:51.35,-0.71174,-0.69363,-0.00785,1380,-1180,-7906,10,10,-7,-84,330,-11,0,0,0,0,0,24.7500,1025.38,98257.73,258.51,9.511,1479>
Received packet: <01/01/2000,00:25:51.89,-0.71176,-0.69357,-0.00791,1360,-1154,-7910,10,14,-3,-73,341,-29,0,0,0,0,0,24.7578,1025.42,98255.11,258.74,9.511,1484>
Received packet: <01/01/2000,00:25:52.94,-0.71168,-0.69362,-0.00788,1356,-1186,-7912,9,14,-9,-78,336,-32,0,0,0,0,0,24.7656,1025.28,98255.11,258.74,9.511,1494>
Received packet: <01/01/2000,00:25:54.00,-0.71175,-0.69355,-0.00760,1300,-1148,-7920,8,15,-10,-84,322,-11,0,0,0,0,0,24.7656,1025.35,98257.73,258.51,9.511,1504>
Received packet: <01/01/2000,00:25:55.03,-0.71173,-0.69360,-0.00753,1310,-1186,-7850,11,15,-8,-82,342,-33,0,0,0,0,0,24.7578,1025.35,98260.35,258.29,9.511,1514>
Received packet: <01/01/2000,00:25:55.55,-0.71157,-0.69375,-0.00736,1350,-1212,-7896,17,13,-4,-70,350,-19,0,0,0,0,0,24.7656,1025.41,98244.63,259.63,9.512,1519>
Received packet: <01/01/2000,00:25:56.09,-0.71149,-0.69384,-0.00738,1310,-1214,-7880,13,12,-7,-77,340,-40,0,0,0,0,0,24.7578,1025.37,98252.48,258.96,9.511,1524>
Received packet: <01/01/2000,00:25:56.62,-0.71155,-0.69379,-0.00732,1364,-1210,-7888,11,14,-8,-90,324,-10,0,0,0,0,0,24.7500,1025.36,98257.73,258.51,9.510,1529>
Received packet: <01/01/2000,00:25:57.14,-0.71145,-0.69393,-0.00726,1324,-1222,-7912,12,15,-8,-70,342,-26,0,0,0,0,0,24.7578,1025.24,98252.48,258.74,9.511,1534>
Received packet: <01/01/2000,00:25:58.22,-0.71140,-0.69396,-0.00725,1362,-1180,-7884,12,19,-10,-78,346,-27,0,0,0,0,0,24.7656,1025.49,98260.35,258.29,9.510,1544>
Received packet: <01/01/2000,00:25:59.26,-0.71160,-0.69373,-0.00748,1328,-1184,-7856,13,12,-2,-88,329,-8,0,0,0,0,0,24.7891,1025.42,98255.11,258.74,9.509,1554>
Received packet: <01/01/2000,00:25:59.80,-0.71152,-0.69379,-0.00745,1384,-1200,-7892,11,10,-6,-76,349,-27,0,0,0,0,0,24.7578,1025.39,98255.11,258.74,9.510,1559>
Received packet: <01/01/2000,00:26:00.33,-0.71155,-0.69375,-0.00756,1352,-1192,-7888,14,12,-7,-70,347,-35,0,0,0,0,0,24.7578,1025.34,98257.73,258.51,9.509,1564>
Received packet: <01/01/2000,00:26:00.85,-0.71163,-0.69366,-0.00770,1340,-1154,-7910,13,15,-8,-73,334,-29,0,0,0,0,0,24.7578,1025.46,98255.11,258.74,9.509,1569>
Received packet: <01/01/2000,00:26:01.91,-0.71182,-0.69347,-0.00763,1356,-1194,-7876,7,13,-5,-65,335,-35,0,0,0,0,0,24.7734,1025.41,98255.11,258.74,9.509,1579>
Received packet: <01/01/2000,00:26:02.98,-0.71199,-0.69331,-0.00768,1296,-1130,-7892,12,12,-9,-73,344,-27,0,0,0,0,0,24.7578,1025.30,98252.48,258.96,9.508,1589>
Received packet: <01/01/2000,00:26:04.02,-0.71190,-0.69343,-0.00772,1358,-1186,-7910,10,12,-3,-78,354,-32,0,0,0,0,0,24.7734,1025.48,98255.11,258.74,9.508,1599>
Received packet: <01/01/2000,00:26:05.08,-0.71187,-0.69349,-0.00743,1356,-1228,-7890,12,19,-4,-79,347,-26,0,0,0,0,0,24.7578,1025.43,98252.48,258.96,9.508,1609>
Received packet: <01/01/2000,00:26:05.60,-0.71183,-0.69355,-0.00764,1344,-1192,-7920,9,16,-9,-71,346,-29,0,0,0,0,0,24.7578,1025.35,98257.73,258.51,9.508,1614>
Received packet: <01/01/2000,00:26:06.14,-0.71173,-0.69363,-0.00750,1356,-1172,-7896,14,19,-9,-78,331,-32,0,0,0,0,0,24.7656,1025.37,98257.73,258.51,9.508,1619>
Received packet: <01/01/2000,00:26:06.66,-0.71172,-0.69365,-0.00757,1332,-1158,-7952,11,15,-8,-77,345,-38,0,0,0,0,0,24.7656,1025.41,98255.11,258.74,9.508,1624>
Received packet: <01/01/2000,00:26:07.71,-0.71183,-0.69358,-0.00739,1340,-1174,-7918,9,12,-2,-79,342,-28,0,0,0,0,0,24.7578,1025.35,98249.87,259.18,9.508,1634>
Received packet: <01/01/2000,00:26:08.78,-0.71199,-0.69343,-0.00737,1326,-1202,-7920,6,14,-4,-77,337,-16,0,0,0,0,0,24.7734,1025.42,98247.25,259.41,9.507,1644>
Received packet: <01/01/2000,00:26:09.82,-0.71187,-0.69350,-0.00723,1316,-1206,-7892,10,17,-9,-85,329,-13,0,0,0,0,0,24.7813,1025.46,98252.48,258.96,9.507,1654>
Received packet: <01/01/2000,00:26:10.34,-0.71197,-0.69338,-0.00722,1308,-1184,-7860,11,15,-6,-84,347,-23,0,0,0,0,0,24.7969,1025.37,98252.48,258.96,9.508,1659>
Received packet: <01/01/2000,00:26:10.88,-0.71185,-0.69350,-0.00743,1356,-1204,-7892,14,15,-7,-77,340,-30,0,0,0,0,0,24.7656,1025.42,98257.73,258.51,9.507,1664>
Received packet: <01/01/2000,00:26:11.40,-0.71177,-0.69358,-0.00735,1376,-1196,-7866,10,17,-4,-71,339,-27,0,0,0,0,0,24.7734,1025.42,98252.48,258.96,9.508,1669>
Received packet: <01/01/2000,00:26:11.92,-0.71200,-0.69334,-0.00731,1388,-1194,-7920,11,18,-3,-73,344,-27,0,0,0,0,0,24.7891,1025.46,98255.11,258.74,9.508,1674>
Received packet: <01/01/2000,00:26:12.44,-0.71204,-0.69332,-0.00731,1330,-1202,-7884,13,16,-6,-89,347,-30,0,0,0,0,0,24.7656,1025.37,98252.48,258.96,9.508,1679>
Received packet: <01/01/2000,00:26:14.04,-0.71207,-0.69329,-0.00746,1310,-1212,-7874,14,13,-9,-87,332,-26,0,0,0,0,0,24.7734,1025.39,98247.25,259.41,9.507,1694>
Received packet: <01/01/2000,00:26:14.57,-0.71212,-0.69324,-0.00761,1334,-1202,-7878,10,10,-8,-76,341,-36,0,0,0,0,0,24.7813,1025.33,98255.11,258.74,9.506,1699>
Received packet: <01/01/2000,00:26:15.10,-0.71205,-0.69329,-0.00769,1348,-1212,-7914,12,15,-6,-78,351,-22,0,0,0,0,0,24.7656,1025.40,98260.35,258.29,9.506,1704>
Received packet: <01/01/2000,00:26:15.62,-0.71210,-0.69326,-0.00779,1376,-1214,-7948,11,14,-7,-83,334,-20,0,0,0,0,0,24.8047,1025.29,98255.11,258.74,9.507,1709>
Received packet: <01/01/2000,00:26:16.18,-0.71206,-0.69332,-0.00764,1328,-1164,-7944,12,15,-9,-77,340,-26,0,0,0,0,0,24.7656,1025.35,98252.48,258.96,9.505,1714>
Received packet: <01/01/2000,00:26:17.23,-0.71217,-0.69316,-0.00772,1336,-1256,-7888,11,13,-2,-77,350,-28,0,0,0,0,0,24.7813,1025.41,98252.48,258.96,9.505,1724>
Received packet: <01/01/2000,00:26:18.29,-0.71220,-0.69312,-0.00740,1370,-1214,-7894,13,17,-7,-78,334,-24,0,0,0,0,0,24.7578,1025.41,98247.25,259.41,9.505,1734>
Received packet: <01/01/2000,00:26:19.33,-0.71209,-0.69321,-0.00735,1348,-1184,-7900,14,16,-7,-66,339,-20,0,0,0,0,0,24.7813,1025.27,98255.11,258.74,9.505,1744>
Received packet: <01/01/2000,00:26:19.86,-0.71216,-0.69314,-0.00729,1330,-1200,-7944,9,13,-10,-72,347,-26,0,0,0,0,0,24.7891,1025.26,98249.87,259.18,9.505,1749>
Received packet: <01/01/2000,00:26:20.38,-0.71213,-0.69319,-0.00729,1338,-1204,-7892,9,16,-8,-85,336,-15,0,0,0,0,0,24.7813,1025.30,98249.87,258.51,9.505,1754>
Received packet: <01/01/2000,00:26:20.91,-0.71207,-0.69324,-0.00737,1290,-1196,-7894,10,17,-6,-61,341,-34,0,0,0,0,0,24.7891,1025.38,98252.48,258.96,9.505,1759>
Received packet: <01/01/2000,00:26:21.44,-0.71217,-0.69318,-0.00750,1292,-1220,-7896,8,14,-2,-71,349,-24,0,0,0,0,0,24.7656,1025.44,98255.11,258.74,9.505,1764>
Received packet: <01/01/2000,00:26:22.50,-0.71216,-0.69316,-0.00746,1336,-1188,-7906,11,13,-9,-81,349,-29,0,0,0,0,0,24.7656,1025.40,98252.48,258.96,9.504,1774>
Received packet: <01/01/2000,00:26:23.55,-0.71206,-0.69327,-0.00741,1312,-1208,-7862,8,12,-9,-71,349,-24,0,0,0,0,0,24.7734,1025.43,98252.48,258.96,9.505,1784>
Received packet: <01/01/2000,00:26:24.09,-0.71202,-0.69334,-0.00756,1326,-1222,-7910,11,14,-3,-71,346,-27,0,0,0,0,0,24.7656,1025.33,98244.63,259.63,9.504,1789>
Received packet: <01/01/2000,00:26:24.61,-0.71198,-0.69336,-0.00747,1308,-1218,-7908,13,15,-4,-77,350,-30,0,0,0,0,0,24.7813,1025.35,98252.48,258.96,9.504,1794>
Received packet: <01/01/2000,00:26:25.14,-0.71204,-0.69329,-0.00762,1340,-1214,-7898,14,15,-10,-69,339,-32,0,0,0,0,0,24.7734,1025.27,98255.11,258.29,9.504,1799>
Received packet: <01/01/2000,00:26:25.67,-0.71194,-0.69344,-0.00757,1324,-1176,-7874,7,15,-9,-79,347,-28,0,0,0,0,0,24.7969,1025.41,98255.11,258.74,9.504,1804>
Received packet: <01/01/2000,00:26:26.20,-0.71194,-0.69343,-0.00746,1296,-1176,-7876,10,17,-5,-87,337,-14,0,0,0,0,0,24.7891,1025.35,98255.11,258.74,9.504,1809>
Received packet: <01/01/2000,00:26:27.23,-0.71204,-0.69334,-0.00760,1314,-1222,-7944,9,16,-5,-72,350,-28,0,0,0,0,0,24.8047,1025.40,98252.48,258.96,9.505,1819>
Received packet: <01/01/2000,00:26:28.26,-0.71218,-0.69317,-0.00774,1348,-1176,-7874,12,13,-7,-79,340,-30,0,0,0,0,0,24.7891,1025.30,98252.48,258.96,9.505,1829>
Received packet: <01/01/2000,00:26:29.32,-0.71241,-0.69293,-0.00761,1334,-1152,-7900,13,18,-8,-84,345,-19,0,0,0,0,0,24.7891,1025.32,98249.87,259.18,9.505,1839>
Received packet: <01/01/2000,00:26:30.38,-0.71242,-0.69293,-0.00762,1310,-1208,-7882,18,12,-7,-73,339,-24,0,0,0,0,0,24.7813,1025.41,98255.11,258.74,9.504,1849>
Received packet: <01/01/2000,00:26:30.91,-0.71233,-0.69302,-0.00762,1340,-1186,-7874,9,14,-13,-73,334,-27,0,0,0,0,0,24.7813,1025.45,98249.87,259.18,9.505,1854>
Received packet: <01/01/2000,00:26:31.44,-0.71245,-0.69291,-0.00756,1290,-1174,-7872,9,11,-9,-78,349,-22,0,0,0,0,0,24.7813,1025.36,98249.87,259.18,9.505,1859>
Received packet: <01/01/2000,00:26:31.96,-0.71252,-0.69284,-0.00765,1304,-1146,-7872,13,18,-7,-92,337,-9,0,0,0,0,0,24.7969,1025.22,98249.87,259.18,9.504,1864>
Received packet: <01/01/2000,00:26:33.03,-0.71271,-0.69263,-0.00777,1316,-1182,-7916,16,15,-3,-85,339,-13,0,0,0,0,0,24.7734,1025.36,98255.11,258.74,9.504,1874>
Received packet: <01/01/2000,00:26:34.09,-0.71253,-0.69282,-0.00780,1278,-1206,-7916,13,15,-5,-83,336,-17,0,0,0,0,0,24.7891,1025.36,98252.48,258.96,9.504,1884>
Received packet: <01/01/2000,00:26:34.62,-0.71249,-0.69283,-0.00771,1356,-1226,-7930,15,12,-8,-79,340,-11,0,0,0,0,0,24.7891,1025.48,98255.11,258.74,9.504,1889>
Received packet: <01/01/2000,00:26:35.14,-0.71245,-0.69283,-0.00740,1294,-1276,-7506,19,7,-3,-65,345,-23,0,0,0,0,0,24.7813,1025.38,98247.25,259.41,9.504,1894>
Received packet: <01/01/2000,00:26:35.67,-0.71236,-0.69297,-0.00763,1276,-1160,-7908,9,18,-5,-78,334,-15,0,0,0,0,0,24.7891,1025.43,98252.48,258.96,9.504,1899>
Received packet: <01/01/2000,00:26:36.18,-0.71234,-0.69301,-0.00778,1318,-1206,-7870,15,15,-11,-90,334,-20,0,0,0,0,0,24.7969,1025.41,98249.87,259.18,9.504,1904>
Received packet: <01/01/2000,00:26:36.71,-0.71228,-0.69306,-0.00764,1292,-1186,-7894,13,13,-7,-76,346,-15,0,0,0,0,0,24.7891,1025.34,98249.87,259.18,9.504,1909>
Received packet: <01/01/2000,00:26:37.76,-0.71225,-0.69308,-0.00750,1294,-1216,-7922,9,14,-2,-79,337,-21,0,0,0,0,0,24.8047,1025.36,98249.87,259.18,9.504,1919>
Received packet: <01/01/2000,00:26:38.82,-0.71235,-0.69298,-0.00724,1356,-1164,-7924,9,14,-11,-78,341,-27,0,0,0,0,0,24.7969,1025.39,98249.87,259.18,9.504,1929>
Received packet: <01/01/2000,00:26:39.86,-0.71210,-0.69319,-0.00745,1308,-1184,-7904,11,16,-9,-94,340,-11,0,0,0,0,0,24.8047,1025.34,98252.48,258.96,9.504,1939>
Received packet: <01/01/2000,00:26:40.40,-0.71206,-0.69323,-0.00764,1446,-1234,-7886,6,16,-5,-70,340,-28,0,0,0,0,0,24.7969,1025.31,98247.25,259.41,9.504,1944>
Received packet: <01/01/2000,00:26:40.92,-0.71216,-0.69315,-0.00771,1274,-1216,-7920,16,14,-6,-73,331,-32,0,0,0,0,0,24.7891,1025.44,98252.48,259.18,9.505,1949>
Received packet: <01/01/2000,00:26:41.43,-0.71210,-0.69319,-0.00768,1338,-1202,-7894,8,17,-6,-69,344,-22,0,0,0,0,0,24.7969,1025.40,98244.63,259.63,9.505,1954>
Received packet: <01/01/2000,00:26:41.96,-0.71218,-0.69309,-0.00769,1376,-1268,-7862,9,14,-6,-69,341,-22,0,0,0,0,0,24.7969,1025.37,98249.87,259.18,9.505,1959>
Received packet: <01/01/2000,00:26:42.48,-0.71222,-0.69305,-0.00772,1366,-1154,-7936,8,14,-8,-79,337,-19,0,0,0,0,0,24.7891,1025.41,98252.48,258.96,9.505,1964>
Received packet: <01/01/2000,00:26:42.99,-0.71213,-0.69313,-0.00788,1324,-1214,-7894,9,18,-11,-73,336,-27,0,0,0,0,0,24.8047,1025.34,98255.11,258.74,9.506,1969>
Received packet: <01/01/2000,00:26:44.04,-0.71219,-0.69304,-0.00774,1324,-1172,-7880,5,13,-3,-84,327,-7,0,0,0,0,0,24.7969,1025.27,98249.87,259.18,9.506,1979>
Received packet: <01/01/2000,00:26:45.09,-0.71235,-0.69291,-0.00785,1324,-1230,-7864,10,15,-7,-79,350,-28,0,0,0,0,0,24.8047,1025.34,98252.48,258.96,9.506,1989>
Received packet: <01/01/2000,00:26:46.13,-0.71235,-0.69297,-0.00798,1350,-1162,-7916,11,14,-13,-81,339,-17,0,0,0,0,0,24.8047,1025.39,98247.25,259.41,9.506,1999>
Received packet: <01/01/2000,00:26:46.66,-0.71238,-0.69294,-0.00792,1392,-1192,-7946,11,15,-4,-81,341,-24,0,0,0,0,0,24.8125,1025.31,98252.48,258.96,9.506,2004>
Received packet: <01/01/2000,00:26:47.21,-0.71237,-0.69291,-0.00786,1296,-1212,-7900,11,13,-6,-66,339,-27,0,0,0,0,0,24.7969,1025.51,98249.87,259.18,9.505,2009>
Received packet: <01/01/2000,00:26:47.73,-0.71224,-0.69303,-0.00786,1366,-1172,-7910,11,20,-8,-81,351,-24,0,0,0,0,0,24.7969,1025.39,98249.87,259.18,9.505,2014>
Received packet: <01/01/2000,00:26:48.24,-0.71231,-0.69294,-0.00802,1300,-1242,-7906,9,11,-9,-85,324,-10,0,0,0,0,0,24.7969,1025.46,98247.25,259.41,9.506,2019>
Received packet: <01/01/2000,00:26:48.77,-0.71234,-0.69296,-0.00796,1294,-1172,-7910,10,15,-5,-79,318,-16,0,0,0,0,0,24.8047,1025.24,98249.87,259.18,9.506,2024>
Received packet: <01/01/2000,00:26:49.82,-0.71236,-0.69294,-0.00788,1290,-1222,-7890,11,14,-1,-79,340,-16,0,0,0,0,0,24.7969,1025.30,98247.25,259.41,9.506,2034>
Received packet: <01/01/2000,00:26:50.89,-0.71241,-0.69286,-0.00782,1328,-1242,-7910,15,16,-8,-95,336,-10,0,0,0,0,0,24.7891,1025.35,98249.87,259.18,9.505,2044>
Received packet: <01/01/2000,00:26:51.42,-0.71238,-0.69290,-0.00793,1346,-1208,-7902,9,16,-9,-75,335,-28,0,0,0,0,0,24.7891,1025.40,98247.25,259.41,9.505,2049>
Received packet: <01/01/2000,00:26:51.95,-0.71244,-0.69289,-0.00793,1344,-1162,-7942,12,15,-5,-84,327,-11,0,0,0,0,0,24.7891,1025.27,98247.25,259.41,9.505,2054>
Received packet: <01/01/2000,00:26:52.47,-0.71238,-0.69295,-0.00799,1356,-1202,-7942,7,16,-7,-88,339,-15,0,0,0,0,0,24.8125,1025.30,98249.87,259.18,9.505,2059>
Received packet: <01/01/2000,00:26:53.00,-0.71253,-0.69275,-0.00795,1338,-1202,-7914,9,19,-8,-92,325,-9,0,0,0,0,0,24.7891,1025.26,98249.87,259.18,9.505,2064>
Received packet: <01/01/2000,00:26:53.52,-0.71257,-0.69275,-0.00791,1284,-1200,-7918,11,14,-4,-98,329,-8,0,0,0,0,0,24.8281,1025.42,98257.73,258.51,9.505,2069>
Received packet: <01/01/2000,00:26:54.60,-0.71245,-0.69288,-0.00807,1300,-1208,-7912,10,15,-9,-67,347,-21,0,0,0,0,0,24.8047,1025.31,98252.48,259.41,9.504,2079>
Received packet: <01/01/2000,00:26:55.65,-0.71236,-0.69301,-0.00772,1362,-1170,-7908,8,16,-8,-77,332,-19,0,0,0,0,0,24.8047,1025.25,98249.87,259.18,9.504,2089>
Received packet: <01/01/2000,00:26:56.17,-0.71246,-0.69290,-0.00755,1348,-1236,-7946,10,13,-3,-95,336,-8,0,0,0,0,0,24.8047,1025.41,98244.63,259.63,9.504,2094>
Received packet: <01/01/2000,00:26:56.70,-0.71249,-0.69287,-0.00749,1386,-1132,-7890,8,14,-6,-81,344,-8,0,0,0,0,0,24.8047,1025.43,98249.87,259.18,9.505,2099>
Received packet: <01/01/2000,00:26:57.21,-0.71263,-0.69272,-0.00747,1334,-1168,-7884,13,15,-8,-72,352,-30,0,0,0,0,0,24.7969,1025.34,98247.25,259.41,9.505,2104>
Received packet: <01/01/2000,00:26:57.73,-0.71256,-0.69280,-0.00769,1344,-1166,-7870,12,16,-8,-85,331,-20,0,0,0,0,0,24.8125,1025.39,98244.63,259.63,9.505,2109>
Received packet: <01/01/2000,00:26:58.27,-0.71243,-0.69292,-0.00780,1332,-1224,-7920,10,14,-8,-71,349,-24,0,0,0,0,0,24.8125,1025.34,98249.87,258.96,9.504,2114>
Received packet: <01/01/2000,00:26:59.33,-0.71247,-0.69294,-0.00776,1342,-1206,-7950,10,13,-6,-75,345,-21,0,0,0,0,0,24.8047,1025.27,98247.25,259.18,9.504,2124>
Received packet: <01/01/2000,00:27:00.38,-0.71238,-0.69301,-0.00775,1332,-1162,-7898,8,12,-11,-78,341,-27,0,0,0,0,0,24.8047,1025.33,98249.87,259.18,9.505,2134>
Received packet: <01/01/2000,00:27:01.42,-0.71228,-0.69307,-0.00752,1346,-1204,-7872,12,13,-4,-83,334,-22,0,0,0,0,0,24.7969,1025.34,98249.87,259.18,9.505,2144>
Received packet: <01/01/2000,00:27:01.94,-0.71237,-0.69301,-0.00733,1316,-1174,-7920,8,14,-8,-72,345,-30,0,0,0,0,0,24.8203,1025.36,98247.25,259.41,9.505,2149>
Received packet: <01/01/2000,00:27:02.49,-0.71225,-0.69314,-0.00740,1326,-1202,-7896,5,15,-8,-90,329,-8,0,0,0,0,0,24.8125,1025.24,98244.63,259.63,9.504,2154>
Received packet: <01/01/2000,00:27:03.01,-0.71228,-0.69311,-0.00733,1360,-1210,-7946,11,9,-9,-62,347,-38,0,0,0,0,0,24.7969,1025.40,98249.87,259.18,9.505,2159>
Received packet: <01/01/2000,00:27:03.52,-0.71223,-0.69314,-0.00744,1374,-1248,-7912,13,14,-6,-75,340,-28,0,0,0,0,0,24.8203,1025.33,98249.87,259.18,9.505,2164>
Received packet: <01/01/2000,00:27:04.57,-0.71210,-0.69325,-0.00747,1296,-1198,-7866,13,14,-8,-70,345,-33,0,0,0,0,0,24.8047,1025.37,98249.87,259.18,9.505,2174>
Received packet: <01/01/2000,00:27:05.61,-0.71209,-0.69325,-0.00732,1322,-1192,-7908,8,13,-5,-88,334,-8,0,0,0,0,0,24.8125,1025.36,98249.87,259.18,9.506,2184>
Received packet: <01/01/2000,00:27:06.65,-0.71210,-0.69325,-0.00754,1354,-1192,-7902,11,15,-7,-79,325,-7,0,0,0,0,0,24.8281,1025.34,98244.63,259.63,9.506,2194>
Received packet: <01/01/2000,00:27:07.70,-0.71207,-0.69321,-0.00752,1326,-1194,-7874,9,17,-7,-67,337,-26,0,0,0,0,0,24.8125,1025.30,98247.25,259.41,9.506,2204>
Received packet: <01/01/2000,00:27:08.22,-0.71208,-0.69324,-0.00758,1320,-1226,-7886,5,15,-9,-77,340,-21,0,0,0,0,0,24.8125,1025.30,98249.87,259.18,9.506,2209>
Received packet: <01/01/2000,00:27:08.74,-0.71210,-0.69325,-0.00765,1322,-1198,-7906,11,15,-5,-88,334,-8,0,0,0,0,0,24.8125,1025.41,98249.87,258.96,9.507,2214>
Received packet: <01/01/2000,00:27:09.25,-0.71224,-0.69314,-0.00739,1336,-1164,-7898,9,13,-6,-75,335,-11,0,0,0,0,0,24.8047,1025.33,98247.25,259.41,9.507,2219>
Received packet: <01/01/2000,00:27:09.79,-0.71225,-0.69312,-0.00752,1296,-1198,-7936,9,19,-8,-88,324,1,0,0,0,0,0,24.8125,1025.37,98249.87,259.18,9.507,2224>
Received packet: <01/01/2000,00:27:10.83,-0.71221,-0.69317,-0.00752,1316,-1150,-7900,9,12,-9,-76,344,-36,0,0,0,0,0,24.8047,1025.37,98249.87,259.18,9.507,2234>
Received packet: <01/01/2000,00:27:11.89,-0.71235,-0.69299,-0.00749,1362,-1158,-7872,14,14,-5,-71,344,-34,0,0,0,0,0,24.8359,1025.30,98255.11,258.74,9.507,2244>
Received packet: <01/01/2000,00:27:13.45,-0.71203,-0.69327,-0.00747,1338,-1226,-7870,13,15,-9,-73,334,-15,0,0,0,0,0,24.7969,1025.27,98247.25,259.41,9.508,2259>
Received packet: <01/01/2000,00:27:13.98,-0.71185,-0.69346,-0.00741,1342,-1194,-7912,14,14,-7,-78,339,-10,0,0,0,0,0,24.8203,1025.25,98244.63,259.63,9.507,2264>
Received packet: <01/01/2000,00:27:14.51,-0.71197,-0.69334,-0.00748,1286,-1172,-7928,13,15,-12,-67,335,-33,0,0,0,0,0,24.8281,1025.32,98244.63,259.63,9.508,2269>
Received packet: <01/01/2000,00:27:15.02,-0.71191,-0.69337,-0.00739,1320,-1182,-7936,6,13,-9,-73,339,-29,0,0,0,0,0,24.8281,1025.35,98239.38,260.08,9.507,2274>
Received packet: <01/01/2000,00:27:15.55,-0.71186,-0.69340,-0.00750,1368,-1198,-7910,12,18,-8,-93,334,-10,0,0,0,0,0,24.8359,1025.29,98247.25,259.41,9.508,2279>
Received packet: <01/01/2000,00:27:16.61,-0.71197,-0.69329,-0.00766,1320,-1164,-7908,9,15,-4,-75,342,-26,0,0,0,0,0,24.8125,1025.31,98247.25,259.63,9.507,2289>
Received packet: <01/01/2000,00:27:17.65,-0.71200,-0.69330,-0.00763,1330,-1222,-7922,10,14,-6,-73,339,-27,0,0,0,0,0,24.8125,1025.35,98236.76,260.30,9.508,2299>
Received packet: <01/01/2000,00:27:18.70,-0.71203,-0.69327,-0.00762,1302,-1208,-7898,14,14,-5,-78,351,-36,0,0,0,0,0,24.8281,1025.21,98244.63,259.63,9.508,2309>
Received packet: <01/01/2000,00:27:19.22,-0.71212,-0.69318,-0.00775,1322,-1186,-7924,12,17,-5,-76,346,-24,0,0,0,0,0,24.8203,1025.45,98242.0,259.86,9.508,2314>
Received packet: <01/01/2000,00:27:19.74,-0.71215,-0.69316,-0.00772,1324,-1190,-7946,8,13,-6,-77,340,-33,0,0,0,0,0,24.8359,1025.26,98247.25,259.41,9.508,2319>
Received packet: <01/01/2000,00:27:20.28,-0.71211,-0.69321,-0.00753,1302,-1182,-7902,11,12,-7,-72,337,-33,0,0,0,0,0,24.8281,1025.34,98252.48,258.96,9.508,2324>
Received packet: <01/01/2000,00:27:20.81,-0.71213,-0.69318,-0.00763,1304,-1214,-7880,8,17,-8,-72,345,-21,0,0,0,0,0,24.8203,1025.19,98244.63,259.63,9.508,2329>
Received packet: <01/01/2000,00:27:21.87,-0.71239,-0.69291,-0.00763,1314,-1266,-7944,11,11,-8,-77,342,-33,0,0,0,0,0,24.8125,1025.35,98239.38,260.08,9.507,2339>
Received packet: <01/01/2000,00:27:22.92,-0.71244,-0.69286,-0.00763,1310,-1178,-7894,10,15,-8,-72,345,-28,0,0,0,0,0,24.8203,1025.28,98242.0,259.86,9.508,2349>
Received packet: <01/01/2000,00:27:23.96,-0.71261,-0.69266,-0.00767,1366,-1182,-7894,11,17,-10,-73,344,-24,0,0,0,0,0,24.8281,1025.34,98244.63,259.63,9.507,2359>
Received packet: <01/01/2000,00:27:24.49,-0.71268,-0.69261,-0.00755,1324,-1178,-7888,11,15,-9,-81,354,-32,0,0,0,0,0,24.8281,1025.38,98249.87,259.18,9.508,2364>
Received packet: <01/01/2000,00:27:25.03,-0.71264,-0.69265,-0.00698,1356,-1202,-7922,10,8,-9,-76,344,-24,0,0,0,0,0,24.8203,1025.36,98244.63,259.63,9.508,2369>
Received packet: <01/01/2000,00:27:25.55,-0.71268,-0.69260,-0.00714,1340,-1196,-7866,16,14,-7,-78,344,-27,0,0,0,0,0,24.8281,1025.33,98249.87,259.18,9.508,2374>
Received packet: <01/01/2000,00:27:26.05,-0.71263,-0.69264,-0.00739,1322,-1216,-7918,14,15,-5,-88,331,-15,0,0,0,0,0,24.8203,1025.38,98244.63,259.63,9.508,2379>
Received packet: <01/01/2000,00:27:27.11,-0.71258,-0.69274,-0.00713,1382,-1218,-7922,10,14,-6,-73,336,-24,0,0,0,0,0,24.8359,1025.30,98247.25,259.41,9.508,2389>
Received packet: <01/01/2000,00:27:28.18,-0.71258,-0.69274,-0.00717,1350,-1218,-7848,11,11,-11,-71,344,-24,0,0,0,0,0,24.8281,1025.37,98247.25,259.41,9.508,2399>
Received packet: <01/01/2000,00:27:29.22,-0.71252,-0.69283,-0.00766,1318,-1194,-7920,13,10,-8,-82,345,-19,0,0,0,0,0,24.8125,1025.33,98239.38,259.86,9.508,2409>
Received packet: <01/01/2000,00:27:29.74,-0.71255,-0.69279,-0.00776,1316,-1188,-7864,8,17,-3,-73,336,-32,0,0,0,0,0,24.8281,1025.24,98247.25,259.41,9.508,2414>
Received packet: <01/01/2000,00:27:30.28,-0.71242,-0.69291,-0.00785,1356,-1114,-7934,8,12,-11,-83,334,-24,0,0,0,0,0,24.8281,1025.31,98244.63,259.63,9.508,2419>
Received packet: <01/01/2000,00:27:30.80,-0.71261,-0.69270,-0.00785,1352,-1214,-7920,11,18,-8,-73,346,-27,0,0,0,0,0,24.8359,1025.42,98244.63,259.63,9.508,2424>
Received packet: <01/01/2000,00:27:31.32,-0.71246,-0.69279,-0.00785,1334,-1202,-7926,15,15,-6,-72,345,-30,0,0,0,0,0,24.8281,1025.35,98247.25,259.41,9.508,2429>
Received packet: <01/01/2000,00:27:32.36,-0.71239,-0.69286,-0.00798,1392,-1164,-7878,12,15,-3,-69,339,-22,0,0,0,0,0,24.8203,1025.36,98242.0,259.86,9.509,2439>
Received packet: <01/01/2000,00:27:33.42,-0.71239,-0.69287,-0.00778,1358,-1270,-7884,10,15,-4,-83,349,-29,0,0,0,0,0,24.8125,1025.37,98242.0,259.18,9.508,2449>
Received packet: <01/01/2000,00:27:35.00,-0.71235,-0.69295,-0.00769,1314,-1190,-7902,9,15,-11,-76,334,-29,0,0,0,0,0,24.8281,1025.29,98247.25,259.41,9.508,2464>
Received packet: <01/01/2000,00:27:35.52,-0.71237,-0.69292,-0.00783,1376,-1148,-7876,11,13,-7,-76,329,-13,0,0,0,0,0,24.8203,1025.29,98244.63,259.63,9.508,2469>
Received packet: <01/01/2000,00:27:36.04,-0.71237,-0.69292,-0.00774,1400,-1180,-7890,11,16,-7,-73,334,-24,0,0,0,0,0,24.8359,1025.32,98244.63,259.63,9.509,2474>
Received packet: <01/01/2000,00:27:36.58,-0.71248,-0.69280,-0.00763,1338,-1232,-7870,13,15,-1,-72,340,-40,0,0,0,0,0,24.8281,1025.32,98249.87,259.18,9.508,2479>
Received packet: <01/01/2000,00:27:37.10,-0.71253,-0.69278,-0.00759,1352,-1172,-7924,13,13,-6,-75,335,-19,0,0,0,0,0,24.8125,1025.40,98244.63,259.63,9.508,2484>
Received packet: <01/01/2000,00:27:37.61,-0.71259,-0.69274,-0.00756,1366,-1180,-7900,9,13,-9,-72,340,-28,0,0,0,0,0,24.8281,1025.32,98247.25,259.63,9.509,2489>
Received packet: <01/01/2000,00:27:38.67,-0.71232,-0.69300,-0.00739,1316,-1196,-7890,12,15,-10,-81,341,-20,0,0,0,0,0,24.8281,1025.40,98247.25,259.41,9.508,2499>
Received packet: <01/01/2000,00:27:39.71,-0.71231,-0.69305,-0.00720,1330,-1192,-7930,9,11,-11,-85,344,-17,0,0,0,0,0,24.8438,1025.35,98244.63,259.63,9.509,2509>
Received packet: <01/01/2000,00:27:40.75,-0.71232,-0.69302,-0.00749,1288,-1218,-7908,3,15,-10,-67,340,-30,0,0,0,0,0,24.8281,1025.35,98242.0,259.86,9.510,2519>
Received packet: <01/01/2000,00:27:41.27,-0.71228,-0.69305,-0.00748,1336,-1220,-7920,11,14,-5,-78,356,-32,0,0,0,0,0,24.8438,1025.35,98247.25,259.41,9.509,2524>
Received packet: <01/01/2000,00:27:41.80,-0.71218,-0.69316,-0.00760,1370,-1180,-7862,7,15,-8,-69,346,-29,0,0,0,0,0,24.8359,1025.29,98249.87,259.18,9.510,2529>
Received packet: <01/01/2000,00:27:42.32,-0.71202,-0.69333,-0.00764,1328,-1194,-7880,9,15,-10,-69,344,-36,0,0,0,0,0,24.8281,1025.42,98242.0,259.86,9.510,2534>
Received packet: <01/01/2000,00:27:42.84,-0.71216,-0.69318,-0.00770,1354,-1190,-7894,7,13,-7,-77,345,-33,0,0,0,0,0,24.8359,1025.35,98242.0,259.86,9.510,2539>
Received packet: <01/01/2000,00:27:43.38,-0.71227,-0.69306,-0.00759,1344,-1204,-7924,8,11,-8,-70,340,-30,0,0,0,0,0,24.8359,1025.25,98247.25,259.41,9.509,2544>
Received packet: <01/01/2000,00:27:44.43,-0.71230,-0.69306,-0.00750,1316,-1150,-7944,13,13,-5,-81,349,-27,0,0,0,0,0,24.8359,1025.35,98244.63,259.63,9.510,2554>
Received packet: <01/01/2000,00:27:45.48,-0.71234,-0.69300,-0.00768,1306,-1128,-7858,14,18,-3,-61,341,-29,0,0,0,0,0,24.8438,1025.40,98244.63,259.63,9.509,2564>
Received packet: <01/01/2000,00:27:46.52,-0.71236,-0.69297,-0.00805,1350,-1156,-7914,11,16,-4,-73,346,-36,0,0,0,0,0,24.8359,1025.30,98239.38,260.08,9.510,2574>
Received packet: <01/01/2000,00:27:47.05,-0.71239,-0.69293,-0.00791,1322,-1174,-7934,11,13,-5,-75,340,-28,0,0,0,0,0,24.8438,1025.34,98244.63,259.63,9.510,2579>
Received packet: <01/01/2000,00:27:47.57,-0.71235,-0.69297,-0.00807,1354,-1180,-7900,6,13,-3,-77,337,-28,0,0,0,0,0,24.8438,1025.25,98247.25,259.41,9.510,2584>
Received packet: <01/01/2000,00:27:48.09,-0.71239,-0.69291,-0.00827,1334,-1226,-7906,11,15,-8,-73,346,-22,0,0,0,0,0,24.8359,1025.35,98244.63,259.63,9.510,2589>
Received packet: <01/01/2000,00:27:48.61,-0.71248,-0.69282,-0.00830,1356,-1152,-7892,15,15,-8,-75,347,-23,0,0,0,0,0,24.8438,1025.37,98244.63,259.63,9.510,2594>
Received packet: <01/01/2000,00:27:49.13,-0.71248,-0.69284,-0.00812,1306,-1194,-7902,11,15,-5,-71,336,-27,0,0,0,0,0,24.8594,1025.33,98244.63,259.63,9.510,2599>
Received packet: <01/01/2000,00:27:50.22,-0.71255,-0.69275,-0.00797,1286,-1168,-7938,13,14,-8,-78,346,-20,0,0,0,0,0,24.8438,1025.26,98242.0,259.86,9.509,2609>
Received packet: <01/01/2000,00:27:51.26,-0.71238,-0.69293,-0.00801,1284,-1200,-7892,14,16,-4,-76,336,-24,0,0,0,0,0,24.8438,1025.36,98242.0,259.86,9.509,2619>
Received packet: <01/01/2000,00:27:51.78,-0.71226,-0.69303,-0.00827,1332,-1202,-7916,11,11,-8,-75,345,-30,0,0,0,0,0,24.8281,1025.29,98244.63,259.63,9.510,2624>
Received packet: <01/01/2000,00:27:52.30,-0.71218,-0.69309,-0.00817,1344,-1122,-7926,14,20,-10,-67,342,-28,0,0,0,0,0,24.8438,1025.30,98239.38,260.08,9.510,2629>
Received packet: <01/01/2000,00:27:52.83,-0.71215,-0.69313,-0.00798,1308,-1176,-7908,11,16,-6,-66,339,-32,0,0,0,0,0,24.8438,1025.34,98247.25,259.41,9.510,2634>
Received packet: <01/01/2000,00:27:53.35,-0.71214,-0.69315,-0.00793,1344,-1194,-7904,8,12,-8,-70,350,-38,0,0,0,0,0,24.8516,1025.31,98244.63,259.63,9.510,2639>
Received packet: <01/01/2000,00:27:53.89,-0.71231,-0.69300,-0.00781,1328,-1188,-7918,8,16,-7,-73,341,-24,0,0,0,0,0,24.8516,1025.40,98244.63,259.63,9.510,2644>
Received packet: <01/01/2000,00:27:54.94,-0.71265,-0.69264,-0.00782,1314,-1194,-7910,12,13,-9,-76,349,-27,0,0,0,0,0,24.8438,1025.38,98247.25,259.41,9.509,2654>
Received packet: <01/01/2000,00:27:56.01,-0.71308,-0.69217,-0.00783,1322,-1184,-7910,11,18,-8,-67,342,-21,0,0,0,0,0,24.8359,1025.15,98242.0,259.86,9.509,2664>
Received packet: <01/01/2000,00:27:56.54,-0.71317,-0.69205,-0.00789,1370,-1204,-7906,10,16,-9,-72,352,-28,0,0,0,0,0,24.8516,1025.31,98242.0,259.86,9.509,2669>
Received packet: <01/01/2000,00:27:57.06,-0.71325,-0.69198,-0.00784,1318,-1160,-7890,10,15,-5,-89,332,-14,0,0,0,0,0,24.8438,1025.45,98242.0,259.86,9.509,2674>
Received packet: <01/01/2000,00:27:57.58,-0.71352,-0.69172,-0.00791,1324,-1168,-7884,10,13,-10,-77,342,-33,0,0,0,0,0,24.8516,1025.38,98242.0,259.86,9.509,2679>
Received packet: <01/01/2000,00:27:58.10,-0.71349,-0.69178,-0.00810,1318,-1194,-7904,11,15,-10,-81,344,-22,0,0,0,0,0,24.8516,1025.46,98239.38,260.08,9.509,2684>
Received packet: <01/01/2000,00:27:58.62,-0.71323,-0.69206,-0.00806,1326,-1178,-7910,11,16,-10,-76,339,-32,0,0,0,0,0,24.8359,1025.31,98244.63,259.63,9.510,2689>
Received packet: <01/01/2000,00:27:59.14,-0.71316,-0.69215,-0.00804,1272,-1198,-7900,8,14,-9,-67,342,-23,0,0,0,0,0,24.8594,1025.47,98239.38,260.08,9.510,2694>
Received packet: <01/01/2000,00:27:59.65,-0.71299,-0.69234,-0.00807,1336,-1210,-7866,10,18,-11,-72,340,-21,0,0,0,0,0,24.8516,1025.36,98242.0,259.86,9.510,2699>
Received packet: <01/01/2000,00:28:00.72,-0.71289,-0.69243,-0.00798,1312,-1180,-7886,11,12,-6,-85,341,-27,0,0,0,0,0,24.8438,1025.27,98239.38,260.08,9.510,2709>
Received packet: <01/01/2000,00:28:01.77,-0.71259,-0.69274,-0.00796,1350,-1200,-7862,6,11,-8,-60,342,-23,0,0,0,0,0,24.8438,1025.32,98242.0,259.86,9.510,2719>
Received packet: <01/01/2000,00:28:02.82,-0.71222,-0.69309,-0.00781,1272,-1198,-7874,11,15,0,-89,350,-14,0,0,0,0,0,24.8672,1025.30,98242.0,259.86,9.510,2729>
Received packet: <01/01/2000,00:28:03.34,-0.71225,-0.69306,-0.00792,1318,-1218,-7892,11,14,-9,-82,342,-30,0,0,0,0,0,24.8438,1025.31,98236.76,260.30,9.510,2734>
Received packet: <01/01/2000,00:28:03.87,-0.71222,-0.69307,-0.00777,1360,-1216,-7906,13,17,-10,-73,339,-13,0,0,0,0,0,24.8516,1025.37,98242.0,259.86,9.510,2739>
Received packet: <01/01/2000,00:28:04.40,-0.71223,-0.69307,-0.00771,1292,-1172,-7896,9,12,-4,-72,342,-35,0,0,0,0,0,24.8516,1025.37,98242.0,259.86,9.510,2744>
Received packet: <01/01/2000,00:28:04.92,-0.71227,-0.69303,-0.00758,1326,-1160,-7894,4,13,-7,-72,340,-26,0,0,0,0,0,24.8516,1025.42,98239.38,260.08,9.510,2749>
Received packet: <01/01/2000,00:28:06.48,-0.71233,-0.69295,-0.00763,1336,-1194,-7904,10,13,-6,-69,336,-22,0,0,0,0,0,24.8438,1025.35,98242.0,259.86,9.510,2764>
Received packet: <01/01/2000,00:28:07.52,-0.71224,-0.69304,-0.00776,1336,-1164,-7900,7,19,-16,-73,331,-29,0,0,0,0,0,24.8594,1025.33,98242.0,259.86,9.511,2774>
Received packet: <01/01/2000,00:28:08.58,-0.71208,-0.69321,-0.00737,1334,-1212,-7882,10,17,-11,-70,350,-26,0,0,0,0,0,24.8672,1025.27,98247.25,259.41,9.510,2784>
Received packet: <01/01/2000,00:28:09.10,-0.71213,-0.69316,-0.00727,1286,-1204,-7898,8,14,-6,-73,341,-29,0,0,0,0,0,24.8516,1025.28,98242.0,259.86,9.511,2789>
Received packet: <01/01/2000,00:28:09.62,-0.71221,-0.69308,-0.00727,1344,-1158,-7926,13,17,-7,-81,344,-24,0,0,0,0,0,24.8594,1025.31,98242.0,259.86,9.511,2794>
Received packet: <01/01/2000,00:28:10.17,-0.71226,-0.69303,-0.00744,1268,-1230,-7890,10,10,-8,-75,340,-30,0,0,0,0,0,24.8750,1025.41,98244.63,259.63,9.510,2799>
Received packet: <01/01/2000,00:28:11.22,-0.71223,-0.69306,-0.00755,1346,-1210,-7924,16,18,-10,-70,340,-23,0,0,0,0,0,24.8516,1025.30,98236.76,259.86,9.510,2809>
Received packet: <01/01/2000,00:28:12.29,-0.71237,-0.69297,-0.00744,1346,-1168,-7880,9,12,-6,-76,336,-29,0,0,0,0,0,24.8594,1025.42,98244.63,259.63,9.510,2819>
Received packet: <01/01/2000,00:28:12.81,-0.71223,-0.69309,-0.00746,1320,-1210,-7934,13,14,-3,-71,341,-27,0,0,0,0,0,24.8672,1025.33,98252.48,258.96,9.510,2824>
Received packet: <01/01/2000,00:28:13.34,-0.71227,-0.69308,-0.00751,1346,-1216,-7930,11,14,-6,-84,335,-11,0,0,0,0,0,24.8516,1025.26,98244.63,259.63,9.510,2829>
Received packet: <01/01/2000,00:28:13.87,-0.71223,-0.69312,-0.00760,1332,-1182,-7904,7,16,-9,-72,335,-28,0,0,0,0,0,24.8516,1025.34,98236.76,260.30,9.510,2834>
Received packet: <01/01/2000,00:28:14.38,-0.71213,-0.69326,-0.00775,1262,-1194,-7892,7,11,-10,-70,347,-33,0,0,0,0,0,24.8438,1025.31,98244.63,259.63,9.510,2839>
Received packet: <01/01/2000,00:28:14.91,-0.71209,-0.69328,-0.00772,1366,-1206,-7960,9,14,-9,-67,340,-28,0,0,0,0,0,24.8516,1025.30,98247.25,259.63,9.510,2844>
Received packet: <01/01/2000,00:28:15.44,-0.71234,-0.69305,-0.00782,1374,-1176,-7878,11,15,-1,-70,340,-33,0,0,0,0,0,24.8594,1025.50,98242.0,259.86,9.510,2849>
Received packet: <01/01/2000,00:28:16.49,-0.71216,-0.69322,-0.00764,1340,-1136,-7992,8,17,-7,-73,346,-27,0,0,0,0,0,24.8672,1025.33,98242.0,259.86,9.510,2859>
Received packet: <01/01/2000,00:28:17.54,-0.71214,-0.69327,-0.00757,1360,-1240,-7908,13,17,-5,-69,354,-27,0,0,0,0,0,24.8594,1025.28,98239.38,260.08,9.510,2869>
Received packet: <01/01/2000,00:28:18.60,-0.71211,-0.69325,-0.00746,1300,-1190,-7896,12,15,-7,-79,345,-23,0,0,0,0,0,24.8594,1025.33,98239.38,260.08,9.510,2879>
Received packet: <01/01/2000,00:28:19.13,-0.71218,-0.69316,-0.00729,1294,-1216,-7896,12,15,-4,-78,341,-24,0,0,0,0,0,24.8672,1025.36,98236.76,260.30,9.509,2884>
Received packet: <01/01/2000,00:28:19.65,-0.71216,-0.69317,-0.00749,1288,-1210,-7902,10,16,-5,-67,340,-30,0,0,0,0,0,24.8516,1025.32,98247.25,259.41,9.510,2889>
Received packet: <01/01/2000,00:28:20.17,-0.71203,-0.69334,-0.00749,1340,-1212,-7958,10,14,-4,-70,337,-21,0,0,0,0,0,24.8672,1025.40,98239.38,260.08,9.510,2894>
Received packet: <01/01/2000,00:28:20.69,-0.71196,-0.69342,-0.00744,1312,-1270,-7890,9,14,-6,-71,346,-27,0,0,0,0,0,24.8672,1025.44,98242.0,259.86,9.510,2899>
Received packet: <01/01/2000,00:28:21.75,-0.71217,-0.69320,-0.00760,1316,-1160,-7928,11,15,-4,-81,346,-24,0,0,0,0,0,24.8594,1025.35,98236.76,260.30,9.510,2909>
Received packet: <01/01/2000,00:28:22.81,-0.71211,-0.69324,-0.00750,1332,-1166,-7974,11,15,-3,-72,345,-30,0,0,0,0,0,24.8594,1025.33,98244.63,259.63,9.510,2919>
Received packet: <01/01/2000,00:28:23.86,-0.71213,-0.69322,-0.00723,1342,-1180,-7908,9,15,-7,-67,345,-30,0,0,0,0,0,24.8594,1025.29,98242.0,259.86,9.510,2929>
Received packet: <01/01/2000,00:28:24.40,-0.71207,-0.69325,-0.00757,1372,-1198,-7950,5,17,-7,-77,340,-21,0,0,0,0,0,24.8516,1025.45,98244.63,259.63,9.509,2934>
Received packet: <01/01/2000,00:28:24.92,-0.71196,-0.69334,-0.00725,1382,-1200,-7910,15,12,-9,-67,352,-28,0,0,0,0,0,24.8672,1025.26,98242.0,259.86,9.509,2939>
Received packet: <01/01/2000,00:28:25.43,-0.71202,-0.69323,-0.00702,1324,-1170,-7878,13,14,-6,-72,335,-16,0,0,0,0,0,24.8672,1025.19,98236.76,260.30,9.510,2944>
Received packet: <01/01/2000,00:28:25.96,-0.71185,-0.69344,-0.00704,1324,-1196,-7910,13,14,-5,-69,344,-27,0,0,0,0,0,24.8672,1025.30,98239.38,260.08,9.510,2949>
Received packet: <01/01/2000,00:28:27.01,-0.71187,-0.69343,-0.00712,1296,-1166,-7920,11,15,-6,-67,335,-23,0,0,0,0,0,24.8516,1025.29,98239.38,259.86,9.510,2959>
Received packet: <01/01/2000,00:28:28.05,-0.71189,-0.69346,-0.00755,1360,-1134,-7940,12,13,-5,-72,330,-7,0,0,0,0,0,24.8594,1025.37,98239.38,260.08,9.510,2969>
Received packet: <01/01/2000,00:28:29.10,-0.71183,-0.69352,-0.00762,1324,-1206,-7896,14,12,-8,-77,342,-26,0,0,0,0,0,24.8750,1025.40,98242.0,259.86,9.510,2979>
Received packet: <01/01/2000,00:28:29.62,-0.71187,-0.69353,-0.00745,1302,-1194,-7914,10,16,-4,-67,352,-28,0,0,0,0,0,24.8750,1025.33,98247.25,259.41,9.510,2984>
Received packet: <01/01/2000,00:28:30.14,-0.71183,-0.69357,-0.00750,1338,-1154,-7924,8,12,-8,-72,342,-33,0,0,0,0,0,24.8750,1025.33,98244.63,259.63,9.510,2989>
Received packet: <01/01/2000,00:28:30.68,-0.71171,-0.69372,-0.00749,1330,-1186,-7900,15,14,-6,-56,339,-29,0,0,0,0,0,24.8672,1025.34,98239.38,260.08,9.510,2994>
Received packet: <01/01/2000,00:28:31.22,-0.71171,-0.69371,-0.00743,1310,-1140,-7906,13,12,-7,-62,342,-30,0,0,0,0,0,24.8594,1025.40,98239.38,260.08,9.510,2999>
Received packet: <01/01/2000,00:28:32.25,-0.71170,-0.69370,-0.00724,1310,-1232,-7898,8,14,-3,-69,331,-27,0,0,0,0,0,24.8672,1025.39,98239.38,260.08,9.510,3009>
Received packet: <01/01/2000,00:28:33.30,-0.71174,-0.69362,-0.00766,1314,-1164,-7922,14,15,-7,-79,340,-23,0,0,0,0,0,24.8594,1025.36,98244.63,259.63,9.510,3019>
Received packet: <01/01/2000,00:28:34.34,-0.71170,-0.69366,-0.00776,1344,-1200,-7916,13,16,-6,-72,345,-28,0,0,0,0,0,24.8672,1025.42,98242.0,259.86,9.511,3029>
Received packet: <01/01/2000,00:28:34.88,-0.71167,-0.69371,-0.00775,1300,-1164,-7938,10,10,-5,-75,350,-23,0,0,0,0,0,24.8594,1025.33,98244.63,259.63,9.510,3034>
Received packet: <01/01/2000,00:28:35.41,-0.71171,-0.69365,-0.00768,1282,-1190,-7886,9,16,-6,-76,336,-34,0,0,0,0,0,24.8750,1025.34,98244.63,259.86,9.510,3039>
Received packet: <01/01/2000,00:28:35.93,-0.71185,-0.69346,-0.00763,1370,-1174,-7938,12,11,-10,-82,340,-23,0,0,0,0,0,24.8750,1025.30,98242.0,259.86,9.510,3044>
Received packet: <01/01/2000,00:28:36.46,-0.71181,-0.69349,-0.00762,1352,-1158,-7924,15,16,-7,-76,341,-24,0,0,0,0,0,24.8750,1025.32,98247.25,259.41,9.510,3049>
Received packet: <01/01/2000,00:28:37.01,-0.71182,-0.69350,-0.00766,1308,-1166,-7910,10,13,-12,-76,334,-29,0,0,0,0,0,24.8750,1025.40,98244.63,259.86,9.510,3054>
Received packet: <01/01/2000,00:28:38.06,-0.71167,-0.69367,-0.00746,1372,-1224,-7922,11,16,-9,-72,332,-33,0,0,0,0,0,24.8750,1025.26,98242.0,259.86,9.509,3064>
Received packet: <01/01/2000,00:28:39.10,-0.71149,-0.69380,-0.00735,1364,-1142,-7866,10,15,-8,-67,352,-28,0,0,0,0,0,24.8672,1025.26,98247.25,259.41,9.510,3074>
Received packet: <01/01/2000,00:28:40.14,-0.71149,-0.69382,-0.00749,1310,-1188,-7892,11,15,-8,-89,335,-14,0,0,0,0,0,24.8672,1025.29,98239.38,260.08,9.510,3084>
Received packet: <01/01/2000,00:28:40.67,-0.71159,-0.69372,-0.00741,1248,-1184,-7878,11,16,-6,-76,344,-24,0,0,0,0,0,24.8594,1025.39,98244.63,259.63,9.510,3089>
Received packet: <01/01/2000,00:28:41.18,-0.71155,-0.69381,-0.00722,1302,-1166,-7908,9,17,-9,-75,340,-33,0,0,0,0,0,24.8828,1025.29,98247.25,259.41,9.510,3094>
Received packet: <01/01/2000,00:28:41.70,-0.71156,-0.69378,-0.00718,1346,-1212,-7920,11,16,-8,-77,340,-19,0,0,0,0,0,24.8750,1025.30,98244.63,259.63,9.511,3099>
Received packet: <01/01/2000,00:28:42.24,-0.71145,-0.69391,-0.00731,1360,-1288,-7950,9,15,2,-71,344,-27,0,0,0,0,0,24.8672,1025.31,98239.38,260.08,9.510,3104>
Received packet: <01/01/2000,00:28:42.75,-0.71145,-0.69391,-0.00722,1346,-1210,-7890,11,14,-4,-73,339,-24,0,0,0,0,0,24.8828,1025.19,98242.0,259.86,9.511,3109>
Received packet: <01/01/2000,00:28:43.82,-0.71145,-0.69392,-0.00731,1292,-1278,-7878,11,16,-8,-75,340,-26,0,0,0,0,0,24.8672,1025.22,98236.76,260.30,9.510,3119>
Received packet: <01/01/2000,00:28:44.88,-0.71153,-0.69383,-0.00739,1318,-1188,-7880,5,15,-7,-70,335,-33,0,0,0,0,0,24.8750,1025.23,98249.87,259.18,9.510,3129>
Received packet: <01/01/2000,00:28:45.40,-0.71161,-0.69375,-0.00745,1362,-1208,-7880,9,17,-1,-78,334,-15,0,0,0,0,0,24.8672,1025.37,98242.0,259.86,9.510,3134>
Received packet: <01/01/2000,00:28:45.93,-0.71163,-0.69373,-0.00750,1376,-1198,-7886,10,17,-4,-65,347,-23,0,0,0,0,0,24.8750,1025.35,98247.25,259.41,9.510,3139>
Received packet: <01/01/2000,00:28:46.45,-0.71160,-0.69372,-0.00748,1356,-1174,-7926,13,17,-5,-82,345,-28,0,0,0,0,0,24.8750,1025.31,98242.0,259.86,9.510,3144>
Received packet: <01/01/2000,00:28:46.99,-0.71177,-0.69355,-0.00760,1328,-1152,-7884,11,16,-5,-69,344,-22,0,0,0,0,0,24.8828,1025.35,98244.63,259.63,9.510,3149>
Received packet: <01/01/2000,00:28:47.51,-0.71170,-0.69362,-0.00757,1306,-1184,-7912,10,16,-5,-71,351,-32,0,0,0,0,0,24.8828,1025.39,98236.76,260.30,9.510,3154>
Received packet: <01/01/2000,00:28:48.57,-0.71159,-0.69376,-0.00751,1304,-1180,-7930,8,16,-5,-76,346,-36,0,0,0,0,0,24.8828,1025.38,98239.38,260.08,9.509,3164>
Received packet: <01/01/2000,00:28:49.62,-0.71178,-0.69356,-0.00749,1336,-1192,-7914,10,21,-2,-78,339,-32,0,0,0,0,0,24.8750,1025.30,98239.38,259.41,9.510,3174>
Received packet: <01/01/2000,00:28:50.66,-0.71168,-0.69368,-0.00749,1358,-1208,-7916,11,15,-4,-81,331,-10,0,0,0,0,0,24.8672,1025.30,98247.25,259.41,9.510,3184>
Received packet: <01/01/2000,00:28:51.18,-0.71142,-0.69401,-0.00762,1306,-1172,-7884,8,13,-11,-71,344,-24,0,0,0,0,0,24.8672,1025.49,98244.63,259.63,9.510,3189>
Received packet: <01/01/2000,00:28:51.71,-0.71140,-0.69399,-0.00776,1368,-1182,-7904,9,17,-7,-69,339,-20,0,0,0,0,0,24.8906,1025.37,98242.0,259.86,9.510,3194>
Received packet: <01/01/2000,00:28:52.23,-0.71139,-0.69399,-0.00780,1372,-1202,-7888,13,15,-8,-78,339,-22,0,0,0,0,0,24.8828,1025.31,98247.25,259.41,9.510,3199>
Received packet: <01/01/2000,00:28:52.76,-0.71144,-0.69395,-0.00774,1336,-1140,-7858,15,12,-3,-73,341,-32,0,0,0,0,0,24.8828,1025.28,98239.38,260.08,9.510,3204>
Received packet: <01/01/2000,00:28:53.81,-0.71129,-0.69410,-0.00770,1262,-1204,-7906,11,10,-6,-75,335,-35,0,0,0,0,0,24.8906,1025.41,98244.63,259.63,9.510,3214>
Received packet: <01/01/2000,00:28:54.87,-0.71118,-0.69421,-0.00747,1296,-1168,-7904,10,13,-7,-67,335,-19,0,0,0,0,0,24.8906,1025.29,98244.63,259.63,9.509,3224>
Received packet: <01/01/2000,00:28:55.41,-0.71116,-0.69421,-0.00764,1340,-1192,-7942,13,20,-7,-73,329,-20,0,0,0,0,0,24.8906,1025.32,98244.63,259.63,9.509,3229>
Received packet: <01/01/2000,00:28:55.93,-0.71117,-0.69421,-0.00770,1348,-1192,-7888,11,12,-6,-76,346,-27,0,0,0,0,0,24.8750,1025.41,98239.38,260.08,9.510,3234>
Received packet: <01/01/2000,00:28:56.45,-0.71108,-0.69428,-0.00785,1340,-1140,-7932,13,13,-9,-66,339,-22,0,0,0,0,0,24.8906,1025.32,98244.63,259.63,9.510,3239>
Received packet: <01/01/2000,00:28:57.00,-0.71117,-0.69419,-0.00781,1348,-1168,-7886,11,12,-7,-73,341,-27,0,0,0,0,0,24.8906,1025.37,98239.38,260.08,9.509,3244>
Received packet: <01/01/2000,00:28:57.52,-0.71115,-0.69419,-0.00756,1358,-1266,-7814,12,13,-8,-78,346,-20,0,0,0,0,0,24.8750,1025.38,98239.38,260.08,9.509,3249>
Received packet: <01/01/2000,00:28:58.04,-0.71113,-0.69427,-0.00764,1392,-1220,-7922,1,13,-2,-81,344,-24,0,0,0,0,0,24.8906,1025.33,98247.25,259.41,9.509,3254>
Received packet: <01/01/2000,00:28:59.08,-0.71101,-0.69434,-0.00752,1348,-1202,-7896,13,14,-6,-75,345,-28,0,0,0,0,0,24.8750,1025.38,98239.38,260.08,9.510,3264>
Received packet: <01/01/2000,00:29:00.11,-0.71108,-0.69424,-0.00726,1346,-1170,-7828,15,18,-5,-61,334,-34,0,0,0,0,0,24.8828,1025.33,98242.0,259.86,9.511,3274>
Received packet: <01/01/2000,00:29:01.17,-0.71147,-0.69382,-0.00722,1404,-1188,-7892,10,15,-10,-69,329,-29,0,0,0,0,0,24.8906,1025.37,98244.63,259.63,9.510,3284>
Received packet: <01/01/2000,00:29:01.70,-0.71143,-0.69384,-0.00725,1334,-1164,-7908,12,15,-10,-62,347,-30,0,0,0,0,0,24.8750,1025.29,98244.63,259.63,9.510,3289>
Received packet: <01/01/2000,00:29:02.22,-0.71145,-0.69384,-0.00736,1330,-1200,-7852,13,15,-6,-82,342,-26,0,0,0,0,0,24.8750,1025.30,98239.38,260.08,9.510,3294>
Received packet: <01/01/2000,00:29:02.74,-0.71155,-0.69375,-0.00757,1348,-1196,-7874,13,12,-9,-73,334,-20,0,0,0,0,0,24.8906,1025.41,98242.0,259.86,9.510,3299>
Received packet: <01/01/2000,00:29:03.27,-0.71146,-0.69384,-0.00749,1346,-1162,-7890,8,16,-12,-77,340,-21,0,0,0,0,0,24.8828,1025.26,98244.63,259.63,9.510,3304>
Received packet: <01/01/2000,00:29:03.80,-0.71131,-0.69403,-0.00748,1322,-1164,-7898,13,14,-6,-70,340,-40,0,0,0,0,0,24.8828,1025.43,98242.0,259.86,9.511,3309>
Received packet: <01/01/2000,00:29:04.84,-0.71135,-0.69403,-0.00767,1352,-1168,-7914,11,14,-7,-79,345,-26,0,0,0,0,0,24.8750,1025.32,98239.38,260.08,9.511,3319>
Received packet: <01/01/2000,00:29:05.88,-0.71123,-0.69419,-0.00752,1318,-1204,-7894,11,17,-9,-77,347,-19,0,0,0,0,0,24.8906,1025.38,98242.0,259.86,9.511,3329>
Received packet: <01/01/2000,00:29:06.91,-0.71124,-0.69416,-0.00753,1320,-1194,-7856,12,12,-6,-76,331,-22,0,0,0,0,0,24.8906,1025.35,98239.38,260.08,9.511,3339>
Received packet: <01/01/2000,00:29:07.45,-0.71146,-0.69388,-0.00751,1412,-1194,-7858,11,13,-3,-73,339,-22,0,0,0,0,0,24.8906,1025.27,98239.38,260.08,9.511,3344>
Received packet: <01/01/2000,00:29:07.99,-0.71156,-0.69381,-0.00748,1308,-1170,-7876,8,13,-6,-67,340,-28,0,0,0,0,0,24.8750,1025.35,98239.38,260.08,9.510,3349>
Received packet: <01/01/2000,00:29:08.52,-0.71155,-0.69380,-0.00740,1254,-1202,-7864,7,15,-5,-77,355,-33,0,0,0,0,0,24.8828,1025.38,98244.63,260.08,9.511,3354>
Received packet: <01/01/2000,00:29:09.04,-0.71159,-0.69375,-0.00728,1330,-1146,-7848,11,18,-11,-75,347,-30,0,0,0,0,0,24.8828,1025.43,98239.38,260.08,9.510,3359>
Received packet: <01/01/2000,00:29:09.58,-0.71153,-0.69382,-0.00734,1346,-1190,-7918,13,15,-1,-76,346,-32,0,0,0,0,0,24.8750,1025.31,98236.76,260.30,9.510,3364>
Received packet: <01/01/2000,00:29:10.62,-0.71152,-0.69380,-0.00729,1294,-1230,-7924,10,14,-9,-78,349,-32,0,0,0,0,0,24.8828,1025.27,98242.0,259.86,9.510,3374>
Received packet: <01/01/2000,00:29:11.65,-0.71140,-0.69392,-0.00759,1324,-1222,-7922,11,12,-9,-78,346,-41,0,0,0,0,0,24.8828,1025.42,98244.63,259.63,9.511,3384>
Received packet: <01/01/2000,00:29:12.72,-0.71157,-0.69374,-0.00776,1254,-1158,-7948,5,13,-5,-73,329,-27,0,0,0,0,0,24.8906,1025.43,98242.0,259.86,9.511,3394>
Received packet: <01/01/2000,00:29:13.25,-0.71159,-0.69371,-0.00781,1288,-1156,-7920,10,15,-10,-72,345,-21,0,0,0,0,0,24.9063,1025.44,98244.63,259.63,9.510,3399>
Received packet: <01/01/2000,00:29:13.79,-0.71168,-0.69362,-0.00780,1256,-1174,-7884,9,15,-6,-77,340,-28,0,0,0,0,0,24.8906,1025.25,98242.0,259.86,9.510,3404>
Received packet: <01/01/2000,00:29:14.32,-0.71163,-0.69368,-0.00778,1330,-1176,-7872,10,15,-8,-65,337,-28,0,0,0,0,0,24.8984,1025.24,98242.0,259.86,9.510,3409>
Received packet: <01/01/2000,00:29:15.37,-0.71151,-0.69385,-0.00758,1296,-1206,-7870,10,12,-2,-73,344,-32,0,0,0,0,0,24.8984,1025.17,98242.0,259.86,9.510,3419>
Received packet: <01/01/2000,00:29:16.42,-0.71132,-0.69401,-0.00747,1358,-1182,-7868,12,15,-10,-73,334,-29,0,0,0,0,0,24.8984,1025.28,98239.38,260.08,9.510,3429>
Received packet: <01/01/2000,00:29:17.36,-0.71138,-0.69398,-0.00763,1270,-1166,-7872,13,16,-8,-73,344,-34,0,0,0,0,0,24.8984,1025.32,98239.38,259.86,9.510,3438>
Received packet: <01/01/2000,00:29:18.42,-0.71115,-0.69424,-0.00748,1324,-1156,-7898,12,16,-9,-78,341,-22,0,0,0,0,0,24.8906,1025.37,98244.63,259.63,9.510,3448>
Received packet: <01/01/2000,00:29:19.36,-0.71111,-0.69428,-0.00723,1336,-1212,-7898,12,12,-11,-72,335,-19,0,0,0,0,0,24.9063,1025.30,98247.25,259.41,9.510,3457>
Received packet: <01/01/2000,00:29:20.01,-0.71113,-0.69426,-0.00739,1310,-1230,-<01/01/2000,00:29:20.43,-0.71117,-0.69423,-0.00731,1334,-1238,-7910,12,14,-10,-73,341,-32,0,0,0,0,0,24.8984,1025.27,98244.63,259.63,9.510,3467>
Received packet: <98239.38,260.08,9.510,3474>
Received packet: <01/01/2000,00:29:21.70,-0.71099,-0.69443,-0.00733,1294,-1210,-<96,-0.69446,-0.00732,1340,-1190,-7930,7,14,-9,-83,336,-13,0,0,0,0,0,24.8984,1025.34,98244.63,259.63,9.510,3482>
Received packet: <95,-0.69446,-0.00743,1306,-1188,-7904,10,14,-9,-79,340,-35,0,0<01/01/2000,00:29:22.74,-0.71108,-0.69433,-0.00727,1326,-1182,-7868,10,14,-4,-72,337,-26,0,0,0,0,0,24.8906,1025.28,98234.14,260.53,9.510,3489>
Received packet: <12,-0.69427,-0.00723,1288,-1216,-7898,14,15,-5,-69,341,-29,0,0,0,0,0,24.8906,1025.33,98242.0,259.86,9.510,3495>
Received packet: <08,-0.69434,-0.00753,1360,-1204,-7856,6,12,-5,-71,351,-27,0,0,<110,-0.69434,-0.00743,1314,-1180,-7888,10,15,-8,-73,349,-22,0,0,0,0,0,24.9063,1025.40,98242.0,259.86,9.510,3505>
Received packet: <07,-0.69433,-0.00752,1332,-1152,-7936,8,18,-4,-67,350,-33,0,0,<4,-0.69425,-0.00760,1368,-1210,-7894,11,13,-6,-82,342,-33,0,0,0,0,0,24.9063,1025.37,98239.38,260.08,9.510,3513>
Received packet: <6,-0.69419,-0.00785,1342,-1226,-7908,10,20,-9,-72,342,-33,0,0,<239.38,260.08,9.510,3522>
Received packet: <8239.38,260.08,9.510,3530>
Received packet: <03,-0.69434,-0.00771,1282,-1230,-7880,10,13,-6,-87,347,-30,0,0<98236.76,260.30,9.511,3540>
Received packet: <98239.38,260.08,9.511,3545>
Received packet: <098,-0.69436,-0.00780,1320,-1202,-7890,11,15,-6,-67,350,-30,0,<,98236.76,260.30,9.511,3553>
Received packet: <8239.38,260.08,9.511,3558>
Received packet: <102,-0.69434,-0.00776,1306,-1184,-7908,8,17,-8,-66,344,-29,0,0<8234.14,260.08,9.511,3568>
Received packet: <8239.38,260.08,9.511,3573>
Received packet: <077,-0.69462,-0.00772,1320,-1198,-7930,10,13,-6,-81,334,-15,0,<98242.0,259.86,9.511,3584>
Received packet: <98239.38,260.08,9.511,3590>
Received packet: <3,-0.69476,-0.00769,1382,-1212,-7864,14,15,-5,-62,337,-33,0,0,<,98239.38,260.08,9.512,3600>
Received packet: <,98244.63,259.63,9.512,3605>
Received packet: <75,-0.69463,-0.00776,1342,-1166,-7884,12,15,-7,-78,346,-29,0,0<,98239.38,260.08,9.512,3615>
Received packet: <242.0,259.86,9.512,3620>
Received packet: <98239.38,260.08,9.511,3630>
Received packet: <7,-0.69468,-0.00773,1334,-1168,-7882,10,12,-7,-73,349,-29,0,0,<,98239.38,260.08,9.512,3640>
Received packet: <98242.0,259.86,9.512,3645>
Received packet: <055,-0.69479,-0.00765,1314,-1190,-7914,14,14,-3,-75,342,-19,0,<,98242.0,259.86,9.512,3655>
Received packet: <8242.0,259.86,9.512,3660>
Received packet: <058,-0.69478,-0.00753,1334,-1172,-7876,9,12,-11,-78,344,-39,0,<1075,-0.69464,-0.00758,1324,-1204,-7870,7,18,-7,-75,347,-28,0,0,0,0,0,24.9063,1025.26,98242.0,259.86,9.512,3666>
Received packet: <98242.0,259.86,9.512,3670>
Received packet: <4,-0.69453,-0.00763,1328,-1144,-7874,10,15,-3,-77,342,-28,0,0,<,98236.76,260.30,9.512,3680>
Received packet: <98242.0,259.86,9.512,3685>
Received packet: <6,-0.69460,-0.00778,1340,-1144,-8344,3,15,-11,-65,342,-26,0,0,<98244.63,259.63,9.512,3695>
Received packet: <98239.38,260.08,9.512,3700>
Received packet: <087,-0.69448,-0.00746,1350,-1182,-7,0,0,0,24.9141,1025.35,9824<96,-0.69442,-0.00721,1298,-1162,-7916,12,17,-4,-75,340,-30,0,0,0,0,0,24.9141,1025.36,98236.76,260.30,9.512,3706>
Received packet: <083,-0.69453,-0.00738,1324,-1212,-7894,14,15,-4,-75,340,-33,0,<98236.76,260.08,9.512,3715>
Received packet: <105,-0.69431,-0.00741,1258,-1088,-7932,15,14,-3,-81,326,-8,0,0<8236.76,260.30,9.512,3720>
Received packet: <8234.14,260.53,9.512,3725>
Received packet: <,98236.76,260.30,9.512,3735>
Received packet: <111,-0.69428,-0.00735,1302,-1168,-7914,10,16,-6,-72,350,-30,0,<,98236.76,260.30,9.512,3745>
Received packet: <236.76,260.30,9.512,3750>
Received packet: <13,-0.69428,-0.00739,1322,-1196,-7836,8,14,-8,-79,340,-23,0,0,<23,-0.69415,-0.00735,1338,-1224,-7908,6,19,-4,-73,346,-32,0,0,0,0,0,24.9141,1025.46,98239.38,260.30,9.512,3756>
Received packet: <0,-0.69407,-0.00737,1306,-1188,-7880,14,14,-7,-77,342,-26,0,0,<1,98236.76,260.30,9.511,3765>
Received packet: <31,-0.69411,-0.00762,1334,-1208,-7902,5,15,-13,-79,342,-35,0,0,0,0,0,24.9219,1025.42,98242.0,260.53,9.511,3766>
Received packet: <34,-0.69407,-0.00761,1328,-1230,-7900,10,13,-5,-77,340,-28,0,0<39,-0.69400,-0.00749,1326,-1236,-7872,11,17,-7,-69,341,-24,0,0,0,0,0,24.9141,1025.40,98239.38,260.08,9.512,3776>
Received packet: <1,-0.69396,-0.00747,1322,-1230,-7910,10,16,-9,-71,339,-34,0,0,<98236.76,260.30,9.511,3785>
Received packet: <36,-0.69399,-0.00736,1314,-1152,-7872,10,14,-8,-79,350,-26,0,0,0,0,0,24.9141,1025.39,98236.76,260.30,9.511,3791>
Received packet: <23,-0.69411,-0.00743,1328,-1154,-7882,10,18,-6,-73,349,-34,0,0<134,-0.69402,-0.00745,1384,-1232,-7954,10,15,-9,-83,344,-32,0,0,0,0,0,24.9219,1025.50,98242.0,259.86,9.511,3801>
Received packet: <30,-0.69403,-0.00744,1328,-1202,-7912,14,16,-5,-73,341,-32,0,0<8242.0,259.86,9.511,3810>
Received packet: <29,-0.69404,-0.00747,1318,-1234,-7898,13,14,-8,-75,340,-33,0,0,0,0,0,24.9141,1025.48,98239.38,260.08,9.511,3816>
Received packet: <4,-0.69399,-0.00734,1296,-1148,-7886,11,14,-8,-77,347,-23,0,0,<31,-0.69403,-0.00749,1340,-1218,-7914,9,14,-3,-70,342,-28,0,0,0,0,0,24.9453,1025.35,98244.63,259.63,9.511,3826>
Received packet: <9,-0.69416,-0.00747,1354,-1176,-7918,13,13,-6,-73,344,-24,0,0,<,98244.63,259.63,9.511,3835>
Received packet: <14,-0.69419,-0.00776,1340,-1190,-7880,16,17,-5,-64,341,-27,0,0,0,0,0,24.9297,1025.44,98242.0,260.08,9.511,3841>
Received packet: <15,-0.69418,-0.00775,1332,-1174,-7844,9,21,-9,-73,349,-27,0,0,<117,-0.69418,-0.00779,1290,-1192,-7892,11,13,-10,-83,344,-22,0,0,0,0,0,24.9219,1025.29,98242.0,259.86,9.511,3851>
Received packet: <2,-0.69390,-0.00763,1332,-1156,-7878,15,13,-5,-73,344,-24,0,0,<,98236.76,260.30,9.511,3860>
Received packet: <34,-0.69398,-0.00768,1338,-1160,-7918,13,13,-6,-69,341,-24,0,0,0,0,0,24.9141,1025.35,98242.0,260.08,9.511,3866>
Received packet: <34,-0.69399,-0.00776,1334,-1170,-7876,9,19,-3,-69,344,-34,0,0,<9,-0.69383,-0.00761,1290,-1114,-7898,16,16,-5,-76,336,-24,0,0,0,0,0,24.9141,1025.42,98231.52,260.75,9.511,3876>
Received packet: <9,-0.69373,-0.00757,1286,-1192,-7870,11,13,-10,-67,345,-35,0,0<98239.38,260.08,9.511,3885>
Received packet: <168,-0.69364,-0.00782,1324,-1202,-7860,10,11,-5,-71,349,-24,0,0,0,0,0,24.9375,1025.32,98242.0,259.86,9.511,3891>
Received packet: <79,-0.69352,-0.00779,1310,-1214,-7912,11,12,-8,-90,329,-8,0,0,<5,-0.69356,-0.00796,1318,-1230,-7860,11,12,-6,-65,342,-33,0,0,0,0,0,24.9219,1025.38,98239.38,259.63,9.512,3901>
Received packet: <9,-0.69363,-0.00793,1344,-1196,-7876,12,10,-5,-76,344,-20,0,0,<98239.38,260.08,9.512,3910>
Received packet: <62,-0.69372,-0.00811,1310,-1184,-7956,8,15,-10,-83,341,-32,0,0<,98234.14,260.53,9.512,3915>
Received packet: <,98234.14,260.53,9.512,3920>
Received packet: <9,-0.69387,-0.00822,1256,-1208,-7850,10,14,-8,-76,341,-24,0,0,<0,-0.69397,-0.00830,1378,-1146,-7874,11,16,-5,-66,344,-34,0,0,0,0,0,24.9297,1025.43,98236.76,260.30,9.512,3926>
Received packet: <1,-0.69393,-0.00810,1338,-1166,-7912,13,16,-7,-67,337,-30,0,0,<98236.76,260.30,9.512,3935>
Received packet: <8236.76,260.30,9.511,3940>
Received packet: <17,-0.69416,-0.00808,1334,-1160,-7900,7,19,-9,-77,342,-35,0,0,<17,-0.69417,-0.00795,1322,-1224,-7862,10,11,-7,-79,345,-26,0,0,0,0,0,24.9141,1025.28,98239.38,260.08,9.511,3946>
Received packet: <6,-0.69418,-0.00813,1336,-1224,-7900,14,15,-5,-64,341,-32,0,0,<98236.76,260.30,9.511,3955>
Received packet: <21,-0.69413,-0.00810,1334,-1210,-7908,12,10,-9,-82,337,-28,0,0<,98239.38,260.08,9.511,3960>
Received packet: <98231.52,260.08,9.511,3965>
Received packet: <30,-0.69403,-0.00770,1306,-1200,-7904,14,19,-5,-77,340,-28,0,0<98239.38,260.08,9.511,3975>
Received packet: <,98239.38,260.08,9.511,3980>
Received packet: <,98239.38,260.08,9.511,3990>
